12.968
12.7328
12.8261
12.6646
12.6344
12.9773
12.3523
12.5997
13.0631
12.8666
13.0237
12.8048
13.0843
13.4026
12.3727
12.9937
12.8376
12.9586
12.9479
12.9371
13.0142
13.0932
13.1669
12.8527
12.7219
13.1527
12.6538
12.5503
12.7649
12.9602
13.0769
12.8952
12.9122
12.6878
12.8806
12.6163
12.453
12.7975
13.085
13.2552
12.7391
12.9042
13.1602
12.7511
12.5891
13.0655
12.9548
12.456
12.7347
12.979
12.7616
12.6555
12.7919
12.6053
12.3996
12.7265
13.0366
12.9366
12.7231
12.6018
12.464
12.8426
12.9056
12.6448
12.9385
12.9929
12.8055
12.6616
12.7308
13.034
13.2836
12.9145
12.9122
13.1045
13.4769
12.6933
13.0848
13.1868
12.6366
12.661
12.8298
13.2004
13.2155
12.4443
13.1648
12.6228
12.9893
12.9236
12.8438
12.6423
13.1743
13.2087
13.1471
12.6064
12.9699
12.5302
12.1424
12.8244
12.8804
12.9323
13.1304
13.2211
13.0954
12.6581
13.0949
12.9831
13.2859
13.4294
13.2494
12.7954
12.8238
13.099
12.972
13.2832
13.0672
13.2254
12.9146
13.1674
12.7217
13.2043
13.2165
13.1515
13.11
12.7114
13.3329
12.6955
13.177
13.0812
13.3686
13.2402
13.1801
12.972
13.1149
12.8314
13.1772
12.945
13.516
13.1631
13.1491
13.2212
13.1943
13.0915
12.9461
13.0566
12.958
13.3685
12.7883
13.0467
13.0618
13.1588
13.0214
12.6708
13.1367
12.9266
13.2512
12.8512
12.7963
12.7566
12.9159
13.2318
12.9685
12.8072
12.7367
13.123
12.9137
13.5289
13.0867
12.9904
13.1837
13.0318
13.1135
13.0525
12.9589
12.89
13.2499
13.2857
13.1505
13.0444
13.0204
13.0787
13.1882
13.0997
13.0063
13.1259
12.561
13.3212
13.3358
13.1412
12.8797
12.7386
13.395
12.8938
12.6939
12.9434
12.6075
12.9678
12.9418
12.9573
12.7732
12.6608
12.7234
12.5973
12.7528
12.8289
12.9503
12.991
12.7649
12.3655
12.8218
12.7423
12.6523
12.8562
12.8545
13.0949
12.4629
12.9198
12.805
13.0892
13.0637
13.0752
12.5847
12.894
12.6569
12.8514
12.698
12.7419
12.9391
12.7077
12.7301
12.7164
12.9799
12.945
13.3254
12.8287
12.9201
13.1151
12.975
13.2038
12.747
12.5982
13.2069
12.6272
12.877
12.8374
12.5955
12.7574
12.8124
12.3809
12.9605
13.0429
12.6422
12.8453
12.8603
12.4908
12.7269
12.2761
12.9654
13.0367
12.707
12.6888
12.9341
12.3692
13.2456
12.7382
12.8088
13.1927
12.9066
13.3216
13.0486
13.0794
13.0609
12.7796
13.12
12.6223
12.345
12.862
12.8872
12.9684
12.8949
12.6761
12.9664
12.4837
13.0042
12.4726
12.8156
12.822
12.5267
12.4882
12.5675
12.8261
12.6806
12.6317
12.5433
12.8296
13.7396
12.8506
12.962
12.5263
12.7787
12.8779
13.1126
12.9591
13.1676
12.8993
13.3277
13.3116
12.7465
13.1612
13.0476
12.9403
13.0124
13.204
12.7476
13.3542
13.0304
13.4306
12.6234
13.3341
12.8918
13.0937
13.3491
13.0993
13.14
13.0644
13.1124
12.8081
12.8078
12.7294
13.2783
12.8847
13.1746
13.3156
13.0884
12.9643
13.1149
13.0862
13.1003
12.9288
12.6757
12.8102
12.6233
12.6994
13.0039
12.7495
12.5659
13.0149
12.9246
12.9404
12.7013
12.8605
13.1092
12.7052
12.9522
12.5456
12.8199
12.8583
13.0995
12.7924
12.9966
12.9483
12.8343
13.1995
13.3236
13.237
12.7512
12.7791
13.0248
12.896
13.1342
13.1042
12.8024
12.9598
13.0378
13.1672
12.8011
13.1149
13.1993
12.829
12.8254
12.62
12.8139
12.6859
13.0726
12.9337
13.2618
13.132
12.9802
12.8442
13.0098
12.9824
13.0837
13.0087
12.9008
12.7285
13.1711
12.5524
13.2671
12.8374
12.9415
13.153
12.5888
13.5641
13.0071
12.7263
13.1796
12.8553
13.0897
13.2117
13.14
13.4897
13.0173
13.1785
13.0314
12.7913
13.1363
13.0428
13.02
13.3074
12.7423
13.2355
12.831
12.9578
12.8124
13.3059
13.3574
13.1522
13.0071
12.879
13.1219
12.9269
12.7562
13.3545
12.9555
12.7843
13.2271
12.856
13.2488
12.9119
12.7188
12.6983
12.9086
12.8433
13.1065
13.0175
12.937
13.1858
13.3064
12.9416
12.6989
12.8245
12.5301
13.0726
12.7438
12.7888
13.2026
12.9788
13.0663
12.946
12.831
12.9186
13.2527
12.9815
12.7158
12.992
13.0724
12.8362
12.7056
13.346
12.823
12.8884
12.9381
12.8745
12.8098
13.0699
13.271
13.0608
12.8313
13.0976
12.7818
13.1207
13.2739
13.1616
13.059
13.2122
13.0027
12.9704
12.5891
12.6755
12.8857
12.9772
12.5891
12.7169
12.6555
12.8936
12.4718
12.6654
12.6557
12.6079
13.0788
12.8282
12.9603
13.0186
12.6178
13.0318
12.4548
12.8132
12.7632
13.2536
12.8619
12.6291
12.9741
12.8743
12.4157
13.1094
12.6698
12.6021
12.8419
13.124
12.3687
12.5449
12.4996
12.7367
12.9069
12.7475
12.473
12.9366
12.8271
12.6052
13.0287
12.9852
12.5909
12.4876
12.5459
12.6681
12.7614
12.7192
12.8679
12.6736
12.5781
12.9467
12.511
12.6968
12.7396
12.8102
12.4997
12.8411
12.6521
12.5158
12.5964
12.9637
12.7319
12.915
12.769
12.9449
12.8533
12.8229
12.8971
12.9182
12.2986
12.5315
12.9702
12.398
13.2482
12.6188
13.0428
12.9734
12.6938
12.3768
12.9086
13.0045
12.7787
12.5422
12.8419
13.183
12.6601
12.9545
12.8097
12.5261
12.8181
12.3381
12.7718
13.2318
13.2664
12.8027
12.5623
12.7752
13.1762
13.2203
12.9058
12.5677
13.049
13.0838
13.0736
12.5828
12.8767
12.926
13.2093
12.8059
12.7726
13.2564
13.1841
12.6644
12.6484
13.2464
13.163
12.8939
13.0254
12.6901
12.645
13.2094
12.9426
12.8319
12.9569
12.9517
12.6763
12.7024
13.0281
12.549
12.9653
12.7356
13.0967
12.9343
13.0063
12.6473
12.6854
12.3444
12.776
12.9115
12.4526
12.9653
12.4176
13.0284
12.6086
12.5803
12.8638
12.9542
12.8146
12.9532
12.6566
13.0318
13.0602
12.8962
13.0391
12.6056
12.6869
13.0776
12.6774
12.9345
13.0122
12.9151
12.744
12.733
12.5865
12.9164
13.0999
13.0409
12.1403
12.4965
12.7673
12.9753
12.7549
13.055
12.671
12.9458
12.4511
12.4181
13.1158
12.9125
12.8745
12.9628
13.062
12.9402
13.0372
12.6909
12.7511
12.3393
12.8244
12.666
12.7331
12.7654
12.708
12.9277
12.4818
13.0529
12.6807
13.056
12.893
12.7515
12.9986
12.7844
12.5663
12.8116
12.6049
12.6421
12.4958
12.8299
12.8409
12.958
13.0662
13.1677
12.7964
12.8401
12.812
12.9077
12.7376
13.2275
13.074
12.6512
12.5761
12.7389
13.0573
12.8859
12.7208
13.1161
12.657
12.5303
12.9437
12.8176
12.7035
12.9153
12.6037
12.6642
12.7235
12.3909
12.9018
12.4481
13.0605
13.0127
12.4704
12.6334
12.3802
12.5656
13.0391
12.7376
12.9436
13.2841
13.0622
12.9839
12.528
12.8794
12.9031
12.6655
13.0002
12.5202
12.155
12.5024
12.8901
12.859
12.5798
12.5341
13.0529
12.8525
12.6262
12.6305
12.7408
12.9881
12.8687
12.4315
13.0892
12.7095
13.2678
12.7517
12.8092
12.8732
12.6686
12.9222
12.6133
12.6292
12.8252
12.8368
12.6327
12.5905
13.088
13.3475
12.6742
12.5458
13.1234
13.0271
12.6872
12.9167
12.7823
12.5078
12.9795
12.596
12.8801
12.398
12.7788
12.924
12.6249
12.728
12.5826
12.2614
12.5387
13.0855
12.9335
13.0863
12.8658
12.8451
13.0537
12.7677
12.4337
12.9083
12.8289
12.8332
12.8795
12.6982
12.7898
12.6405
12.6637
12.7635
12.6208
12.8763
12.6757
13.168
12.6712
12.6514
12.4075
12.9057
12.7758
12.3289
12.2289
12.7887
13.1147
12.6161
13.0603
13.273
12.9869
13.0442
12.8924
12.7571
13.1733
12.646
13.1309
13.0671
12.3795
12.7431
12.844
13.2306
13.2193
12.8581
12.9485
13.2468
12.5722
12.6182
12.685
13.06
12.9629
12.9843
12.8189
13.1474
12.8457
12.5587
12.4959
12.8619
12.6317
12.824
12.8501
13.1499
13.0397
13.2312
12.5188
13.5234
13.115
12.8314
12.7091
13.1479
13.058
13.033
13.4555
13.0947
12.931
12.923
13.0373
12.9536
12.8944
12.9189
13.1734
12.9976
13.1045
12.5454
12.7536
13.1091
13.0137
13.108
13.4791
13.2653
12.9236
12.9941
12.9831
13.1941
12.8381
13.3641
12.6841
12.9622
13.0488
12.6967
13.3407
12.9618
12.6467
12.9917
13.2381
13.2648
12.8284
12.9693
12.8961
12.9339
13.0811
12.8873
12.9519
12.9238
12.361
12.8105
12.9771
13.185
12.9233
13.2941
12.9149
13.1887
13.2055
13.2253
12.8633
12.8417
13.3111
13.0879
12.8356
12.8566
12.9714
13.0805
12.8262
13.0301
13.0935
12.8536
12.7402
13.1882
12.6604
12.8586
12.8809
12.9807
12.6577
12.8403
13.0888
13.1808
12.8298
13.1577
13.269
13.0124
12.7266
13.1599
13.0335
12.6165
13.1867
13.2552
12.9288
13.1619
13.2235
13.0792
12.8819
13.5063
13.5597
12.8692
12.8702
13.1608
13.0624
13.0553
12.9144
12.6551
13.1875
12.6894
13.1766
12.8651
12.6272
12.966
12.7977
12.8065
13.331
12.7066
13.1842
12.7135
12.6728
12.6105
13.1535
13.047
12.9667
13.5116
12.7437
12.8633
13.0622
12.6064
12.939
12.9407
13.3749
13.1016
13.3091
12.954
12.9614
12.7226
13.1096
13.1897
13.0301
12.5485
12.7467
13.2198
13.1982
12.9623
12.8703
13.2112
13.3423
12.9157
13.1394
13.3063
12.9802
12.7706
12.9378
12.9329
12.9818
12.8532
13.2061
13.0802
12.7439
12.8489
13.1395
13.2255
12.9825
12.7594
12.8693
12.9586
12.9449
12.8807
13.2285
13.17
13.0912
12.6614
13.0017
13.0223
12.8069
12.9441
12.6571
13.167
13.0889
12.7465
12.8682
13.1833
12.9531
13.0097
12.9568
12.9857
12.9824
12.8522
12.687
12.8289
12.7897
12.9492
13.0634
13.0922
13.008
12.9223
12.9119
12.9591
12.4628
12.8723
13.1312
13.2171
13.0046
12.948
12.6341
12.8161
12.7627
12.5996
13.2336
12.582
13.0634
13.0747
12.8019
12.6485
12.8439
12.4859
13.0888
13.3371
13.1323
13.2519
12.7718
12.8536
12.5254
12.8508
12.6353
12.7804
12.6707
12.7785
13.1888
12.4717
12.6525
12.8089
12.8698
13.1276
13.1942
12.8513
12.8218
12.3195
12.576
12.9278
13.1427
12.59
12.7897
12.8844
13.0592
12.9059
12.8578
13.0412
13.0304
12.8467
12.8239
12.9936
13.0868
12.7552
12.7741
12.6475
13.1322
12.8032
13.0132
12.7895
13.099
13.0535
12.6109
13.0587
13.0858
12.9717
12.9032
12.9366
12.8947
12.6654
12.735
13.0833
12.6157
12.8755
12.795
12.7612
12.5688
12.9291
12.614
12.5764
12.7197
12.9154
13.0099
13.1003
12.9406
12.8206
12.4882
13.4936
13.1963
13.156
13.001
12.7872
12.7403
12.9166
12.5646
13.091
12.6885
12.7775
12.8222
12.5356
12.6405
12.8005
12.8919
12.7117
12.6836
12.9997
12.5579
12.7483
12.6245
12.7452
12.1826
13.2202
12.9389
12.445
12.2953
13.0064
12.8149
13.189
12.8545
12.8153
13.0936
13.0592
12.9471
12.7233
12.9136
12.5508
12.6229
12.7382
12.8945
12.454
12.5571
13.0609
12.8096
12.9473
12.759
12.8613
12.6083
12.7842
12.6381
12.7773
12.9147
12.9974
12.4178
13.0382
13.0839
13.2667
12.6899
13
12.7467
12.7777
12.9366
13.1625
12.7153
12.8729
12.7872
12.9266
12.9938
12.7716
12.9146
13.0561
12.655
12.9706
13.1763
13.0778
12.7438
12.8114
12.8564
12.5452
12.8952
12.7897
12.6023
12.8381
12.6347
13.4622
12.8148
12.9625
12.8907
13.417
12.8582
12.8428
12.6993
12.7267
12.9046
12.7124
12.8126
13.1964
13.1049
12.949
12.5571
13.1489
12.2072
12.9221
13.3359
12.5486
12.8964
12.9021
12.5809
12.9295
12.5582
12.5473
12.7663
13.0801
12.6709
13.1556
13.3691
13.0868
13.4031
12.9841
13.253
13.2053
13.0999
13.1357
12.9449
13.0184
12.7152
12.7501
12.7337
12.9533
12.8161
12.6433
13.1353
12.9822
12.6537
12.6901
12.5958
13.0604
12.9955
12.5817
13.048
13.2223
12.7021
12.9453
12.8815
12.8557
13.2015
12.8883
13.0631
13.3287
13.1554
13.5505
12.9853
13.3423
13.0531
13.2081
13.1625
12.676
12.9724
13.3807
12.7375
13.1513
13.1523
12.7275
13.3525
12.8518
13.2443
13.3979
12.8936
12.832
13.2557
13.4687
13.0113
13.1628
13.0203
12.9175
12.9833
12.5656
13.4039
13.0609
12.9555
13.2404
13.3819
12.5601
13.3017
12.9543
13.1738
13.0684
13.3768
13.1663
13.1497
12.9765
13.0922
13.5009
13.1161
12.9326
13.2902
13.0482
13.1998
13.141
13.229
13.2465
13.1401
13.1879
13.3362
12.8881
13.101
13.0389
13.0293
13.0262
13.3539
12.6881
12.6802
13.0726
13.4674
13.3392
12.9596
13.4402
13.3342
13.092
13.0406
12.9223
12.8807
13.0415
13.1914
12.839
13.4374
13.0915
13.2424
12.8857
13.1207
13.0168
12.9122
12.9691
12.5453
12.8225
13.03
13.0387
12.8499
12.7744
12.988
13.0168
12.9773
12.9905
12.7003
12.7719
12.8403
13.1155
12.5889
12.8756
12.9755
12.4969
12.515
12.6631
13.2044
13.2125
13.1149
12.5838
13.0358
12.7123
12.9895
12.7677
12.736
12.7726
13.0524
12.8974
12.6874
12.9527
12.7649
12.9151
12.6011
12.9437
12.5697
12.7038
12.7026
12.9826
12.4606
13.1587
12.8855
13.1474
12.4125
12.2712
12.93
12.9373
13.1062
12.9138
13.1625
13.4448
13.0296
12.9589
12.8633
12.8707
12.7947
12.6243
13.0173
13.1101
12.4126
12.6552
13.0194
13.0209
12.999
12.7364
12.7504
12.6421
13.1373
12.6399
12.7832
12.8345
12.9883
12.6757
12.647
12.6792
12.5865
12.5581
12.7048
13.2635
12.9634
13.2611
13.2263
12.9181
13.1577
13.3457
12.9374
13.3286
12.8029
12.7604
12.8706
12.8451
12.8672
12.8242
13.208
12.9302
13.0144
12.5539
13.0965
12.6165
12.8343
12.9607
13.032
12.5243
12.4919
13.0263
12.8555
13.3072
12.8188
13.1031
12.9891
12.6978
12.9287
12.8768
13.0395
13.2168
12.9644
12.9996
12.6892
12.5112
13.0063
12.985
12.6227
12.8161
12.4143
13.016
13.0058
12.9224
12.83
13.1699
12.8687
12.8196
12.8604
13.2853
13.1982
13.0233
13.0616
12.9495
12.7456
12.99
13.0529
12.6206
12.6424
12.6934
13.0528
13.1585
13.2453
13.2081
12.7477
13.2493
13.1377
13.1048
12.8273
13.1188
13.1209
13.053
12.8616
13.348
13.1789
12.8222
12.954
13.1195
13.0209
13.1194
13.2535
12.98
13.021
12.6421
13.1436
12.8978
13.0051
12.5987
12.7372
12.8164
12.6763
12.952
12.9356
12.9373
12.9061
13.0326
12.9956
13.0475
12.7917
13.0185
12.9446
12.9558
12.7397
13.1755
13.2059
12.7469
13.0186
12.9388
13.0712
12.7242
12.8278
12.4351
12.907
12.7788
12.5654
13.0381
13.0063
13.2131
13.3028
12.9837
12.6568
12.8517
12.8798
12.8335
12.823
12.7143
12.9348
12.6798
12.7532
13.084
12.714
13.0945
13.0571
12.7548
12.4019
12.8678
13.0685
12.8675
13.3382
12.9743
12.51
12.8666
13.3865
13.2105
12.8724
13.1506
13.0923
13.1143
13.1131
13.1206
13.1498
12.7513
12.89
12.8765
12.817
12.8969
12.5068
12.7032
12.9165
13.0095
12.7172
12.8583
13.3454
13.2161
12.8059
13.5766
12.8184
13.1325
13.1876
12.6081
13.3602
12.9617
13.1351
13.094
13.2467
13.3627
12.8874
13.0881
12.6539
12.8316
12.7507
12.9643
12.9666
13.0996
13.1297
12.7476
13.1377
12.957
13.3054
12.8373
13.3419
13.33
12.3061
12.8612
13.254
12.7663
12.9364
13.5164
12.699
13.0073
12.9557
12.6946
13.3031
13.0338
13.0112
12.9715
13.0319
12.2079
12.9067
12.974
13.057
13.1634
12.904
13.0239
13.389
13.2962
12.9531
12.9106
12.786
12.917
12.989
12.5585
13.1694
13.0957
12.9794
12.6584
12.6916
12.8765
13.0451
12.7644
13.3551
13.1711
13.0755
13.1916
13.1505
12.703
13.2271
13.003
12.8789
12.8476
13.3701
13.5809
13.1694
12.8298
12.5966
12.938
12.9211
12.6815
13.0035
13.0229
13.1097
12.5695
12.6806
13.2053
12.5814
13.0447
13.0205
12.5623
12.9211
12.8501
13.2473
13.1887
12.9188
12.893
12.944
12.7302
12.988
12.4076
13.1997
12.8956
13.0243
13.194
12.943
13.3139
13.2416
12.81
12.9091
12.9773
13.0247
12.9294
12.813
12.6658
12.8586
12.6542
13.1778
13.1202
12.7739
12.6857
13.0641
12.9538
12.5024
13.2007
13.3151
13.0917
13.2243
13.1583
12.859
13.0835
13.1575
12.9169
12.9086
12.7063
13.1123
13.0798
13.1463
13.1741
13.2688
12.832
12.8905
12.7274
13.0282
12.5929
13.0997
12.8158
13.2363
13.0191
13.0768
13.1328
12.9533
12.5718
13.0161
12.9233
13.3413
13.4668
13.095
13.4494
13.2286
12.8656
13.0063
12.363
12.9629
13.1761
13.2347
12.6925
13.2004
12.9794
12.8016
12.759
12.839
13.4165
12.9053
12.955
12.9861
13.4017
12.9939
13.002
12.7588
13.3224
12.9246
12.8134
13.2035
12.7735
12.9148
12.6005
12.8391
12.7957
13.0034
12.8706
13.4582
12.9939
12.7975
13.2398
13.0628
12.9249
12.8546
12.5516
12.5175
13.1413
12.8055
13.0279
13.2622
13.375
13.2853
13.0849
13.1418
13.0787
12.634
12.6883
12.9058
13.2525
12.479
12.7995
13.0028
12.9098
12.9648
12.9042
13.0921
13.3103
12.7697
12.5395
12.6134
13.148
12.8433
12.8553
12.9396
12.7483
12.6909
12.5606
12.8256
13.2426
12.9886
13.1055
13.0628
13.1669
12.5609
12.689
13.0798
12.9571
13.1365
12.9684
13.5263
12.8411
13.3016
13.0162
13.0256
13.0351
12.6696
13.2358
13.5014
12.7422
12.8675
13.0347
12.7116
12.802
12.7033
13.4439
12.7047
13.0478
13.0169
12.5759
12.949
13.0054
13.0826
12.7158
12.8924
12.7608
13.2746
12.9164
12.9305
13.1893
12.7
12.9959
12.5714
12.9176
12.7371
13.3136
12.8512
13.0743
13.0493
12.516
13.1539
12.7645
12.6079
13.1052
12.9617
12.8967
13.2684
13.1958
13.1384
12.9672
12.8963
13.2017
12.8051
13.3004
13.1184
13.2534
12.8966
12.8898
13.0317
12.9096
12.8698
13.5392
12.7357
12.7269
12.8297
13.0856
13.2222
13.0177
13.1964
12.9261
12.987
13.0493
12.8426
12.7575
12.7032
13.0031
12.6537
12.4038
12.7692
13.1131
13.1911
12.9766
12.7034
12.8603
12.8911
12.7829
13.1776
12.9182
12.9026
13.183
12.8569
13.0021
12.8723
13.0939
12.9383
12.959
12.8554
12.7878
12.9301
12.3833
12.6845
13.0337
13.0254
12.8922
12.7692
12.9855
12.7657
12.7061
12.3955
12.7425
13.0161
12.9704
12.8217
12.8773
13.374
12.7281
13.1467
13.2282
13.1285
13.1262
13.119
13.0202
12.8219
12.7669
13.0841
12.5047
12.4786
12.7832
12.8138
12.6885
12.834
13.0632
12.9506
12.975
12.942
12.7408
13.0653
12.8005
12.9177
12.6112
12.9624
13.1604
12.6158
12.651
13.0375
13.0061
13.4522
12.7567
12.9343
13.131
12.8795
12.9323
12.9531
13.1531
13.1814
13.0643
13.5458
13.2522
13.0001
12.7042
13.3714
13.4635
13.247
13.183
13.713
12.9224
13.2526
12.9483
13.2584
13.317
13.0547
12.7515
13.3549
12.9929
12.9712
12.9307
13.3373
12.8693
12.8025
13.0292
13.0336
12.7916
12.942
13.1002
13.2474
13.326
12.9096
13.0468
13.3576
12.9598
12.908
13.1259
13.1712
13.4091
12.9595
13.4637
13.251
12.9914
13.06
12.7791
13.0181
13.2411
12.8918
12.7948
13.202
12.9848
13.2154
12.941
13.0955
12.781
12.816
12.7194
13.1677
13.2526
13.1231
12.7009
13.2329
12.9822
13.1189
13.3207
13.3299
13.1554
13.4874
12.9959
13.1806
12.8016
13.0894
12.6037
13.3289
12.7114
13.1968
13.2919
12.8881
13.3187
12.9821
13.0822
12.9982
13.0646
13.1023
13.3076
13.1368
12.6422
12.9259
13.058
12.9977
13.2154
13.2704
13.048
13.258
13.1459
12.9123
13.3081
13.4242
13.1137
13.0429
13.0947
13.2261
13.0129
12.8182
13.3549
12.8603
13.0871
13.2418
13.079
13.7247
13.3832
13.4255
13.3319
13.4674
13.1455
13.2491
13.2061
13.0733
13.1115
12.7943
13.2645
13.1995
13.333
13.1632
13.0706
12.6948
12.7791
13.4347
13.0813
12.8886
13.34
12.9119
12.8844
13.3324
13.0849
13.2067
13.4637
12.9524
13.0774
12.9143
13.26
13.0481
12.6071
12.8369
12.9716
12.7159
12.7467
12.8624
12.9113
12.9574
13.1652
13.2509
13.1775
13.014
13.5563
13.4677
13.112
12.9119
12.9337
12.6405
13.018
12.6289
13.0474
13.0488
12.9541
12.9968
13.1251
12.8326
13.3399
12.8503
12.9019
12.9388
13.0881
13.2136
12.7247
12.719
12.7006
12.9822
13.1259
13.1088
13.3357
12.7863
12.8641
12.8273
12.9649
12.7921
13.4685
13.3783
12.8237
13.2884
12.6749
13.127
13.1912
12.9009
12.9449
12.7927
12.7786
12.9668
13.2223
12.754
12.6775
13.1022
13.0307
12.6022
13.1455
12.6388
13.1413
12.9585
12.9839
12.8177
13.1287
12.7911
13.1314
12.6323
12.8634
12.7212
12.8041
13.0312
13.2152
12.8789
13.0146
13.1881
12.8128
12.9859
12.4749
12.4598
13.1033
13.1762
12.9813
12.9368
12.6767
12.5905
12.8858
13.1595
12.5651
13.2342
12.8473
12.9339
12.83
12.9275
12.9487
12.7697
12.9921
12.9328
13.2185
12.8272
12.7181
12.8978
12.7995
12.8786
12.3879
13.0136
12.7837
12.4809
12.5271
12.6306
13.0768
13.0392
13.2928
12.9335
12.7868
13.183
12.9395
12.8818
12.7638
12.845
12.584
13.1537
12.6625
12.4256
12.8878
12.731
12.798
12.8542
13.1366
12.7093
12.7981
12.9854
12.5935
12.9385
12.9077
12.8948
12.5449
13.0603
12.7285
12.8164
13.0709
12.8354
12.8983
12.9333
12.6942
12.7774
13.4176
12.9122
13.3095
13.0904
12.819
12.9328
12.6681
12.6603
13.4732
13.1571
13.1102
13.019
12.8776
12.8437
12.9611
13.223
12.9811
12.4715
13.0021
12.9779
13.0505
13.1703
12.8891
13.2184
12.9473
13.0635
12.9904
13.1832
12.9326
12.9461
13.0347
13.1599
12.7375
12.6216
12.8602
13.0095
12.737
13.0592
13.0706
13.3325
12.9806
12.7382
12.9818
13.0506
13.136
13.0633
13.1099
12.8972
12.6476
12.9829
12.9875
12.5828
13.2173
12.5883
13.3375
13.163
12.8633
13.1091
12.7405
13.0372
13.2204
13.1391
12.9047
13.021
13.2473
12.8647
12.8584
13.228
13.0836
13.1457
12.5804
12.9055
12.5718
13.1236
12.627
12.8144
12.3695
12.4033
12.8415
13.0235
13.1123
12.829
12.9399
12.9259
12.7094
12.5456
12.9471
12.6991
12.7958
12.943
12.6467
12.6298
12.6863
12.7229
12.9511
12.9754
12.6955
12.9397
13.2164
12.6577
12.9612
12.8828
13.0549
12.6639
12.513
12.6375
13.0024
12.8937
12.8029
12.6787
12.8719
13.3654
12.7868
12.6315
12.838
12.8327
12.7024
12.4052
12.5764
12.5778
12.6844
12.9194
12.8303
13.0897
12.497
12.8489
13.1369
12.8142
13.1291
12.6224
12.8732
12.6835
12.7367
12.9095
12.983
12.4668
12.6904
13.0031
12.6707
12.7891
12.7615
13.3419
12.827
12.7832
13.0813
13.1846
13.0283
12.6472
13.1454
12.8021
12.8331
13.0358
12.9355
13.019
12.3349
12.8493
13.2454
12.8921
12.9569
13.011
12.9529
12.7909
12.6228
12.8142
12.9965
12.3131
12.7819
12.8868
12.833
12.859
12.7138
12.9115
12.9864
13.1545
12.5751
12.4097
12.7967
12.6981
12.7239
13.0607
12.8089
12.8262
12.7918
13.49
13.1616
13.0783
12.8641
12.9569
12.9609
12.8073
12.7983
12.7228
12.9919
12.8163
12.8875
12.8997
12.8724
13.1114
13.2759
12.7087
13.4225
13.0398
13.0517
13.041
13.1545
13.1386
12.8393
12.4939
12.9262
13.1442
12.9385
12.746
12.6756
13.1659
12.5978
12.8677
12.726
13.1496
13.0451
12.983
12.849
12.9448
13.0873
12.6612
12.656
12.8847
12.9226
13.0895
12.6747
12.9789
12.9119
12.8646
12.5242
12.9458
12.8917
12.8563
12.5789
12.6488
12.8247
12.7797
12.4556
13.1686
12.8505
12.6724
12.4252
12.7801
13.2028
12.9729
13.1524
12.8271
13.0137
12.9471
12.8129
12.7191
13.0862
13.1072
13.0024
13.0058
12.6392
12.6103
12.7326
12.542
12.8679
12.764
12.9662
12.769
13.1297
12.5282
12.6579
13.0757
13.0825
13.1057
12.55
13.0245
12.7839
12.8796
12.752
12.5478
12.668
13.0643
12.7608
13.1764
13.0383
12.844
13.2548
13.0642
13.5598
13.0968
13.0576
13.2062
13.0025
12.8021
12.7809
12.923
13.0593
12.7739
13.3922
12.8505
13.1635
12.8513
12.6915
12.9761
12.9534
13.165
13.3058
13.1454
13.0279
13.1544
12.6553
12.9285
13.0064
12.9484
12.9441
12.9658
12.9877
12.8816
13.1101
12.9704
13.2255
13.1032
13.1939
12.8907
13.049
13.2237
12.718
13.674
13.3191
12.818
13.1455
13.1005
13.3135
12.8044
12.8164
12.9954
12.7792
13.2223
12.7942
12.7645
12.8917
12.6321
12.4814
12.9754
12.9528
12.8411
13.0252
12.9832
12.8735
12.6394
12.6749
13.3521
12.5128
12.631
12.9535
12.9903
12.9362
12.955
12.9042
13.0206
12.6144
12.8072
12.7546
12.691
12.7822
13.4582
12.7171
12.8616
12.8215
12.8674
13.1361
12.6743
13.2307
12.8197
12.7059
12.8637
13.1748
12.9844
12.9538
12.9116
12.4822
12.8576
12.5906
12.9095
13.0676
12.8112
12.8629
13.2527
13.2808
13.1493
12.9677
12.679
12.8268
12.8649
13.2624
12.692
12.9481
12.9262
12.786
12.8431
13.2459
13.0355
12.8154
12.8022
13.179
12.6923
13.1102
12.4612
12.9513
13.0794
13.134
12.5251
12.6931
12.8136
13.1164
13.1775
13.0965
13.0344
12.941
12.6221
13.383
12.8547
13.2097
12.9251
13.0341
12.9165
12.6375
12.585
13.1896
13.4801
12.7076
13.097
12.9506
13.2351
12.6983
12.8803
13.1583
12.7439
13.1186
12.901
12.4592
13.198
12.9323
12.7875
13.0645
12.9203
12.9247
12.5131
13.2149
12.9259
12.8408
13.2881
12.871
12.946
13.1861
13.0815
13.0226
13.0086
12.9479
13.1203
13.1415
12.5624
12.8062
12.6557
13.0724
12.8775
12.5652
12.7984
12.6878
13.1133
12.9688
12.7037
13.1261
12.8904
12.6276
12.6583
12.9449
12.8288
13.0045
12.5756
12.8883
13.2297
12.753
12.7848
12.9957
13.2939
13.3815
13.057
13.0785
12.8255
12.6533
12.6954
12.7809
13.1568
12.8909
12.8841
13.1312
12.7451
12.7978
13.191
12.5369
13.2279
12.9119
12.9565
12.9895
13.1108
12.9175
12.7742
13.6008
12.9802
13.0243
12.8685
12.6791
13.2682
12.9997
13.413
12.7815
13.3107
13.0792
12.3932
12.6867
12.9996
13.1441
13.1994
13.1837
13.1146
12.7069
12.9375
12.9094
12.8167
12.992
13.0914
12.6617
13.1343
12.8488
13.2714
12.9171
13.0939
12.915
12.9797
12.5079
12.7528
12.8584
12.5222
12.6282
13.1723
12.5829
12.7586
12.7349
13.1435
12.9593
12.9444
12.6273
12.9834
12.5769
12.9506
12.7089
13.1183
12.8897
13.1538
13.1981
12.8553
13.0476
13.2097
12.85
12.7053
12.9218
12.7314
12.5087
12.972
12.6145
12.8835
12.7225
12.992
12.6014
12.7468
12.9787
12.5783
13.3696
13.0832
13.0609
13.1153
13.2991
12.5608
13.2608
12.9461
13.3119
13.2638
13.1146
13.1036
12.7727
12.6421
13.0047
12.9222
13.0586
12.6465
13.0565
13.1208
12.7901
12.7615
12.945
13.1757
12.7887
13.2698
13.0408
13.1207
12.8445
13.0377
12.8792
13.0829
13.2741
13.145
12.9043
12.8946
12.7146
12.5012
12.9424
12.9546
12.798
12.346
12.8099
12.3378
12.7657
12.6701
12.7269
12.7747
12.5719
12.8161
12.5532
12.6592
12.3034
12.5956
12.8585
12.9149
12.8346
12.3721
12.5946
12.8839
12.7223
12.5348
13.0772
12.9572
13.0241
12.9176
12.9514
12.8419
13.0045
12.8882
13.0013
12.5556
12.8864
13.0306
12.7565
12.3278
12.489
12.4995
12.8138
13.052
12.9565
12.6607
12.6396
12.839
12.6873
12.3094
12.966
12.7502
12.4513
12.6209
12.706
12.9267
12.7485
12.7458
12.4412
12.8657
13.2078
12.772
12.9225
13.0575
13.0073
12.8558
12.9661
12.9025
12.7188
12.7992
12.4373
12.9793
12.7263
12.7545
12.6004
12.7227
12.9823
12.3563
12.7641
12.7489
12.6502
12.7
12.5161
12.5219
12.7112
12.3212
12.5013
12.8849
12.688
12.8289
12.4225
12.9041
13.2579
12.7529
13.0183
13.2774
12.7614
12.9254
12.8217
12.4639
12.9659
12.8541
12.6401
12.7878
13.1006
12.3315
12.7559
12.8446
12.6142
12.4418
12.5526
12.7528
12.4216
12.648
13.0418
12.6839
12.7913
12.9804
12.8422
12.5692
12.6209
12.6863
13.6557
13.0817
13.2384
13.2431
13.2435
13.4543
13.2492
13.1548
13.2468
13.0445
13.3384
12.7192
13.16
13.2174
12.9401
13.041
13.2391
13.2752
12.9327
13.0002
12.8479
13.5389
13.1294
13.2071
13.1004
13.1401
13.233
13.2844
13.2905
13.3196
13.0972
13.2146
13.0259
13.3573
13.1267
13.4964
13.1103
12.8739
13.3431
13.0521
13.1651
12.9343
13.4387
13.1995
13.2182
13.0507
13.3363
13.28
12.9587
13.3632
13.2421
13.1114
12.9347
13.3355
13.1008
13.207
13.2858
13.0673
13.022
13.1385
13.1383
13.1101
13.0757
13.0247
13.1116
12.9537
12.7089
13.1899
13.1943
12.8869
13.2484
13.0622
12.8479
12.9162
12.9138
12.9306
12.8065
12.9722
13.1194
13.0928
12.9758
13.0289
13.0895
12.9611
13.2082
12.8108
12.7676
12.839
13.0584
13.3475
13.0802
13.249
12.7631
12.8889
13.0756
13.2365
12.8606
13.3218
12.9429
13.2201
12.8384
12.9693
13.0213
12.9456
12.7249
13.4145
13.2697
13.2258
13.2945
12.7447
12.9471
13.1128
13.0294
13.1721
12.9556
13.6108
13.1424
12.8572
12.8943
13.3113
13.0167
12.5369
13.0671
12.6352
13.0255
12.6411
12.5591
12.7428
12.9576
13.1461
12.5698
13.1691
13.0249
13.011
13.1164
12.943
12.4692
12.7572
12.647
12.7884
12.7131
12.8304
12.6614
12.9958
12.5835
12.4813
13.0932
12.616
12.9899
12.6855
12.9993
13.2395
13.0028
13.0411
12.8434
12.8627
12.5908
12.8617
13.2008
12.7054
12.8561
12.928
13.1904
12.7991
12.8833
13.2034
13.4034
13.513
12.8562
12.8755
12.8907
12.849
12.7028
12.8805
12.5449
13.139
12.4766
12.581
12.9156
12.9626
12.749
12.762
12.7366
12.8171
13.0809
12.8723
12.9185
12.7578
12.6904
12.7757
12.9463
12.8507
13.4007
12.6823
12.5195
12.7364
12.8764
12.5972
12.6509
12.6306
12.9135
12.9995
12.7396
12.5971
12.9302
12.7628
12.8925
12.672
13.2982
13.1133
13.2636
12.8232
13.0237
12.8554
12.5697
12.8981
12.8348
12.4437
12.8461
12.8149
12.8737
13.0173
12.8842
13.0702
13.1099
12.8415
12.6344
12.9852
12.4074
13.2365
12.9126
13.0164
13.0074
12.8278
12.8152
12.6575
12.9686
12.735
13.1743
13.5857
12.5509
13.1033
13.445
12.9833
13.1517
12.6419
13.0224
12.6997
12.7087
13.3181
13.1018
12.9208
12.6715
13.0832
13.144
13.3493
13.0756
12.6853
13.203
13.0027
12.6612
13.0287
12.8746
12.7957
12.9431
13.1222
13.3882
13.1837
13.03
12.8727
12.9338
12.8006
12.8948
13.0622
13.1387
12.6956
12.8533
13.2535
13.3122
13.1782
12.8338
12.9532
12.7466
13.1125
12.7986
12.7929
13.1202
12.9029
12.9122
13.1261
13.0033
13.3172
12.7445
13.3774
13.2214
12.9304
13.0145
13.3462
12.8552
12.5443
13.0062
13.066
12.949
13.0795
12.8061
12.842
13.0529
13.1286
12.4827
12.9838
13.1417
13.0239
12.6224
12.9712
13.3644
12.9632
12.7025
13.0787
12.8837
13.0696
12.5889
13.145
13.097
13.3218
13.1933
12.4704
12.9275
12.7295
13.0169
12.9528
12.7651
12.6282
12.5579
13.5167
12.6857
12.7201
12.794
13.1573
13.2805
12.8985
12.9766
13.0239
12.4935
13.0565
12.5883
12.798
13.0526
12.9976
13.0183
13.1893
13.0565
12.5098
13.1981
12.7841
13.0687
13.1546
12.64
12.9062
12.5976
12.6123
12.5872
12.9179
12.8929
12.8021
12.5723
12.6818
12.9536
12.5077
12.8222
13.2813
12.5947
12.5536
12.8725
12.5435
12.6683
13.4617
12.5146
13.5296
12.3316
12.8036
12.9465
13.1221
13.1126
13.0226
13.3377
12.5448
12.5443
12.6514
12.6128
12.8072
13.0245
13.0392
13.4921
12.9294
12.7156
12.7934
12.9447
12.8044
12.7208
12.4903
13.1623
12.9723
13.1842
12.6752
13.061
13.0426
12.7371
12.7569
12.7713
12.8381
12.3008
12.4058
12.9085
12.8486
13.0014
12.8368
12.6277
13.0772
12.796
12.6276
12.7214
12.7166
12.8452
12.9327
12.88
12.6114
12.3792
12.5651
12.6158
12.8579
12.7397
13.1838
12.5078
12.9339
12.9076
12.8494
12.8154
12.6354
12.6548
12.5185
12.7592
12.5903
12.9166
13.193
12.4223
12.8252
12.9124
12.6123
12.8378
12.3713
12.9857
12.5673
12.7303
12.8986
12.4046
12.6327
12.6441
12.4948
12.4543
12.9985
13.0215
13.1039
13.5679
13.2127
13.1007
13.1535
12.9199
13.255
13.301
13.275
13.3179
13.2704
12.9483
12.9608
13.1714
12.8521
12.9183
12.4755
12.7072
13.196
13.0589
13.3398
13.013
13.1232
13.3619
13.0234
13.2407
13.2391
13.3407
13.1753
12.8748
13.3553
12.5475
12.968
13.0038
13.0904
13.1428
13.0333
13.2499
13.2745
12.9361
13.2836
12.8901
13.0644
12.9846
12.7491
12.8878
12.7868
12.7566
12.8006
13.1369
12.9004
13.132
13.0024
12.866
12.9724
12.9513
12.9273
12.8672
12.8556
12.7531
12.8808
12.9653
12.6064
12.8252
12.8371
13.0845
12.7912
12.9935
12.8433
12.894
13.1445
12.7055
13.0691
13.1695
12.9393
13.3067
12.9487
13.3185
12.9849
12.8213
12.667
12.9494
13.1428
12.6979
12.9793
12.7114
13.151
12.6875
12.9864
12.7875
12.9733
12.9955
12.7467
12.7848
13.2274
12.6438
13.2792
12.8387
12.5671
12.8797
12.7859
12.8559
12.7647
13.0178
12.6307
12.7046
12.7061
13.2184
12.6862
13.3796
12.6934
12.967
12.8945
12.9764
12.9372
12.7732
12.6718
13.1199
12.9528
12.8203
12.8924
13.241
12.496
13.0315
13.3306
12.9322
13.0586
13.0382
12.992
13.0807
13.1152
13.1435
12.8761
12.9201
12.6432
12.8159
12.6722
12.9473
12.6574
12.6894
12.8864
13.2071
12.9219
12.9639
12.5462
12.9642
12.6731
12.7493
12.8901
12.6562
13.203
12.8537
12.4784
13.2601
12.7496
12.9305
13.2384
12.8276
12.5157
12.8792
13.0286
12.9313
12.672
12.8188
13.1805
12.5629
12.7758
12.7928
12.9223
12.4365
12.8319
13.3705
12.898
12.7884
12.8229
13.1399
12.9448
13.1295
13.1623
12.9593
13.2586
13.048
12.9218
12.7948
12.6064
13.2121
12.8819
13.1126
13.0895
12.983
13.0343
13.0071
13.0651
13.1331
12.5751
13.0211
12.5308
12.7737
12.6353
12.7911
12.8725
12.6002
12.4264
13.0525
13.1307
12.995
12.7592
12.8851
12.8851
12.6617
12.8002
12.9926
12.8691
12.7087
12.9291
12.8466
12.759
12.7941
12.5255
12.4062
12.8213
12.8512
12.4067
13.039
12.5172
13.2216
12.9867
13.2871
12.6885
12.9257
12.5021
12.8299
12.9054
12.5175
12.9488
13.0765
12.9141
12.8125
12.93
12.7765
12.9154
13.0051
13.1055
12.51
13.0942
12.445
13.0716
12.8055
12.7568
12.347
12.7518
12.6562
13.1779
13.3187
12.7204
12.6252
12.887
13.1077
12.9503
13.1266
13.1699
12.4266
12.5423
13.1465
12.6984
12.9361
13.0462
13.1549
12.8046
12.9087
13.3174
12.7389
13.1812
13.2999
12.3621
13.0627
12.9541
12.9573
12.7964
12.8942
13.2963
12.6217
12.6012
13.236
12.6122
12.9325
13.2916
12.8003
12.7977
12.8349
13.0312
12.6981
12.8274
12.8034
12.9153
12.826
12.9027
12.7859
13.0012
13.1011
13.2132
12.6636
12.658
12.8089
12.6874
12.9486
12.8959
12.5552
12.6558
12.8975
13.1039
12.8233
12.9381
12.6803
12.7117
12.8646
12.6888
12.5928
12.9295
12.8578
12.9664
13.086
12.6325
12.6728
13.1188
13.1166
12.9713
13.3099
12.5621
12.8293
12.6652
12.6937
12.7306
12.7509
12.6085
13.0604
12.7724
12.9421
12.9472
12.8896
12.9988
12.8988
12.5433
12.9041
12.9073
12.6182
12.9554
13.3351
13.0816
12.8939
12.9212
12.8628
12.7111
13.0406
12.5708
13.0887
12.7741
12.8055
12.8297
12.464
12.4398
12.7161
12.8478
13.0646
12.4201
12.9749
13.132
13.0738
13.0744
13.2227
12.9647
13.1247
12.7273
13.0039
12.5433
12.7239
12.8843
12.853
12.7517
12.933
12.8845
12.5614
12.9688
12.8224
12.9391
12.6699
12.4805
12.7767
12.9327
13.1555
12.5963
12.9343
12.5717
13.0556
12.8619
13.0105
13.0936
13.063
12.3623
12.6119
12.8025
12.7638
13.0949
13.3753
12.9239
12.8528
12.9241
12.9386
13.0065
12.9746
12.82
13.4414
13.1108
12.6697
13.1371
12.4867
12.6873
12.8825
13.102
12.8993
12.6682
12.7466
13.2937
12.5172
12.9162
12.8926
13.2192
12.9827
12.8187
13.1381
12.776
12.3789
13.0058
12.5384
13.5083
12.8592
13.2999
12.7594
13.0892
13.0549
12.4448
13.4286
12.6801
12.9773
13.1219
12.7713
13.0328
13.1334
12.5592
13.4135
13.0024
13.0706
12.9216
13.1417
12.9119
13.0855
12.9967
12.8548
12.7997
13.2132
13.0618
12.9854
12.7778
12.8131
13.1555
12.938
12.8985
12.8431
12.6958
13.3106
13.0692
12.8838
13.1058
12.7633
12.6661
13.2673
12.9872
12.9472
13.1169
13.1075
12.7947
12.7891
12.84
13.0087
12.7366
12.8089
13.0237
12.8205
12.5694
13.2678
13.1092
12.9476
12.9243
12.8706
12.8916
12.912
13.0457
13.088
12.8905
12.6985
13.1673
12.7619
13.3126
13.0073
12.5269
12.7024
13.3179
12.8177
12.9608
12.8417
13.0208
12.7338
12.6302
12.9431
13.4056
12.8575
12.5194
12.8285
12.4775
13.1176
12.8121
12.8307
12.9455
12.8804
12.8369
12.8821
13.2462
13.0076
13.1449
13.3513
12.7903
12.6317
13.0541
12.4147
12.843
12.6792
12.8633
13.1026
13.0212
13.1667
12.8701
13.3879
13.0611
12.5952
13.3442
12.7366
12.9039
13.0033
12.7545
12.8282
12.6653
12.8617
12.9657
13.2599
12.9797
12.9537
13.1034
12.9814
12.4767
13.3029
13.2
12.665
12.5728
12.7985
13.0354
13.1233
12.9806
12.9416
13.1529
12.9631
12.681
13.023
12.8167
12.8251
12.6852
12.914
12.4882
13.014
13.2098
12.892
13.0966
13.3103
12.9608
12.7876
12.6016
12.6392
12.8663
13.0001
13.0246
12.954
12.8865
12.7658
13.2844
13.0786
12.6885
12.9463
12.997
12.5852
12.8837
12.6485
12.1719
12.5668
12.8667
12.5382
12.9338
12.5853
13.0282
12.637
12.8976
12.9348
12.9366
12.8978
12.7534
13.0131
12.7593
12.5236
12.5983
12.6838
12.9021
12.8685
12.9773
12.9016
13.0766
12.7511
12.8191
12.9118
12.7828
12.97
13.3609
12.3356
12.5758
13.0132
12.7198
13.0686
12.7706
12.9876
12.9103
12.6023
12.9552
13.0629
12.5534
12.6937
13.1977
13.002
12.8975
12.9669
12.7705
12.659
13.1235
12.5006
12.7949
12.9907
12.9297
12.7548
12.6983
12.841
13.1055
13.2517
12.8902
13.356
13.3337
13.3333
12.9818
12.5279
12.9547
12.6096
12.6814
12.5283
12.7748
12.7238
13.0187
12.9879
13.3487
12.8892
12.7316
12.7448
13.138
13.2846
12.8674
12.7829
12.6816
12.6752
12.9915
12.6446
13.0404
13.4165
12.7343
12.8117
13.0734
13.1379
13.1405
12.4216
12.356
12.8633
13.1176
12.6002
12.9444
12.6278
12.7747
13.1576
13.1663
13.052
12.9965
12.6229
13.0189
12.8598
12.6223
12.4634
12.6491
13.3226
12.9616
12.5678
12.8711
13.0814
12.6525
12.6567
12.7037
12.9981
12.7986
12.9079
12.595
13.0614
12.6764
12.8998
12.8833
12.7424
12.9663
13.049
12.5573
13.0821
12.7647
13.1176
13.0982
12.5019
12.8111
13.3542
13.1741
12.9213
13.1301
12.7651
12.9271
13.014
13.4586
12.6883
12.6032
13.0605
13.0293
12.6954
12.9762
13.2596
12.8434
12.8897
12.818
12.718
13.0952
13.15
13.1631
12.7491
12.8062
13.241
12.9108
12.9716
12.7434
13.0067
12.4255
12.9921
13.0115
13.0651
12.928
12.8743
12.6928
13.3227
13.0462
13.2052
13.1202
13.0583
12.9661
12.8224
12.7021
13.0624
12.8618
13.1982
12.9902
12.8282
13.1986
13.1085
12.9905
12.2966
12.6612
12.8293
12.837
12.6603
12.4615
12.9509
12.5444
12.9655
12.8775
12.7522
12.9185
12.7106
12.2387
12.9571
12.89
12.7202
12.8169
13.0266
12.9211
13.1369
12.9113
12.9787
13.0344
12.639
12.8304
12.8405
12.4082
12.6598
12.5094
12.7395
12.8745
13.0155
12.872
13.1535
13.0016
12.7522
12.4424
12.9401
12.6256
12.5059
12.6736
13.044
12.8474
12.8095
12.8696
12.8119
12.9045
12.4214
12.5871
12.6949
12.6441
12.7779
12.8409
13.1829
12.7519
12.8808
12.8868
12.6385
12.569
12.725
12.3538
12.6398
12.7034
13.1925
12.6691
12.7363
12.6214
12.9563
12.6481
12.757
12.7682
12.8493
12.8168
12.6184
12.5436
12.809
12.6551
12.7404
12.8631
12.8242
13.0618
13.1247
12.7156
12.6354
13.3103
13.0963
13.0896
13.1911
12.6632
13.4098
13.0535
12.8377
13.1297
13.0926
12.5283
13.1037
12.9026
12.8063
12.6842
12.5123
12.8586
12.576
12.7057
12.8615
12.661
12.7082
13.0945
12.9663
12.8579
12.5339
13.4134
12.9828
12.6496
12.9232
13.0794
13.2009
12.9515
12.8844
13.0166
12.9542
12.8999
12.9644
12.6109
12.8533
13.273
12.7129
12.4013
12.5998
12.9343
12.7173
12.9744
12.9759
13.1896
12.9848
13.0618
13.0887
12.7341
12.7289
12.7567
12.6884
12.5698
12.7331
12.8778
12.7197
12.8643
12.8855
12.7619
12.4831
12.8958
12.7687
13.3472
13.055
13.1181
12.8388
13.0623
12.7719
13.1279
12.9008
13.0196
12.6752
13.0487
12.781
12.8474
13.2452
12.8938
13.2294
13.1035
12.91
12.3804
12.6536
13.0326
13.4389
12.9923
12.9556
12.8294
12.8047
12.9416
12.9252
13.2692
13.1555
13.1146
12.9148
12.9375
12.5752
13.0012
12.6292
12.561
12.8451
12.9597
13.0785
12.5777
12.6879
13.0052
13.2998
13.2323
13.0705
12.8374
12.9882
12.7641
13.4534
12.7836
12.8751
12.702
13.1222
13.0804
13.0429
12.6409
13.1445
13.5033
13.2025
12.7311
13.0166
12.8508
13.4408
13.1941
12.8422
12.913
13.1563
12.6915
13.0391
13.0761
13.303
13.1224
12.8707
13.1057
12.7678
13.282
12.8268
13.1553
12.9346
13.3423
12.7081
13.4463
13.0945
13.2739
13.0144
13.2097
13.3701
13.0044
12.8987
13.1683
13.3296
13.007
12.8897
12.9686
12.9569
12.8732
12.8489
13.3606
13.2184
13.2585
12.8361
12.9367
12.9043
13.2405
13.0504
13.0529
13.2768
12.6094
13.6037
12.9813
13.1625
13.0639
12.9377
13.1114
13.3341
13.0664
13.2526
12.9673
13.1164
12.8176
12.8961
12.5437
12.8358
13.1102
12.5528
13.0595
13.3935
13.0904
13.0008
12.7953
13.0891
12.8668
13.101
13.0105
12.9023
12.5254
13.0276
12.784
13.1184
12.9481
13.1946
12.713
13.0254
12.7434
13.0803
12.9328
13.0247
13.1078
13.3085
13.0286
13.05
13.0344
13.2583
12.9469
13.1817
13.0215
12.7228
12.7794
12.831
13.1649
13.1826
13.1813
12.84
12.6584
13.0039
12.8476
13.0833
12.6184
13.1696
12.7908
13.0392
12.6141
12.5266
12.9671
12.9833
13.1566
13.1185
12.9338
12.9791
12.8257
12.9127
12.9527
12.7843
12.6541
12.8151
12.8676
12.9605
12.8532
12.9027
13.0685
13.106
12.8715
12.8661
12.9062
12.9874
12.87
12.9263
12.8647
12.5739
12.9415
12.813
12.9914
12.5883
13.0989
12.9375
12.8306
12.9339
12.7436
12.606
12.8224
13.1691
13.269
12.9701
12.8583
12.9759
12.8124
13.0975
12.7267
12.7376
12.6038
13.0731
12.9303
13.1453
13.0594
13.0329
12.954
12.8419
12.6595
12.7865
12.9121
12.8181
12.6435
13.1766
12.7885
12.6112
12.9303
12.9614
12.9515
13.209
13.0502
12.7864
13.2254
13.0614
12.6675
12.6588
12.8453
13.0591
12.8707
12.7523
12.7927
12.6252
12.6909
13.2252
12.7271
12.9561
12.8126
12.951
12.7675
12.8905
12.8425
12.9126
12.9293
13.0879
13.5867
13.2828
12.8105
12.6549
13.023
13.079
13.1401
13.0471
13.1459
13.0823
12.666
12.9213
13.0866
13.219
13.3168
12.8863
12.9432
13.0859
12.505
12.4626
12.5841
13.1496
12.7022
13.1305
13.2332
13.3515
12.8269
12.6249
12.6394
13.0868
12.8977
12.4572
12.6161
12.6768
12.8464
12.4365
12.6975
12.8809
12.3691
13.0426
12.9557
12.8267
13.2185
12.7444
12.5358
12.8834
12.6701
12.4631
12.5428
13.04
12.7115
12.8315
12.7756
13.2973
12.6678
12.9046
12.5047
12.9459
12.7881
12.6205
13.1749
13.0232
13.0704
12.7869
12.881
13.0431
12.6665
12.9924
12.8454
12.9444
12.953
13.1189
12.3744
12.7306
13.0621
12.9014
12.7561
13.0456
13.3826
12.9226
12.8987
12.5957
13.0295
12.7319
12.8825
13.1177
12.9042
12.8267
12.949
12.9751
12.7602
13.0679
13.141
13.2682
13.2473
12.993
12.7727
12.9108
12.8204
12.9694
12.762
12.8122
12.9917
12.8724
13.0067
12.8525
13.0322
13.0148
12.8496
12.7427
12.9767
12.9527
13.0008
12.9016
12.805
12.8629
13.0729
12.9847
12.3257
13.0389
12.5957
12.6287
12.9152
12.8556
12.7791
13.0624
12.5476
13.031
12.8254
12.7315
12.7502
13.2094
12.9759
12.9744
12.8264
13.0819
12.9409
13.0158
13.1366
13.0313
12.7411
12.8641
13.2633
13.1522
12.9436
12.8807
13.2319
12.891
13.0776
13.1055
12.9622
12.8653
12.8688
12.586
12.767
12.7248
12.7887
12.9469
12.946
12.9871
12.7409
12.9
13.0357
13.1558
12.6654
13.0394
12.8078
13.0066
12.6604
12.7236
12.7278
13.2314
12.6671
12.7897
12.9224
12.7046
12.618
12.5548
13.0657
12.9784
12.7722
12.5279
12.8646
13.1665
12.9149
12.8946
13.0368
12.8569
13.0873
12.292
12.9892
12.7558
12.9056
13.1116
12.6794
12.7379
13.1917
12.512
12.9051
12.9439
12.9087
12.8927
12.7189
12.8229
12.8849
12.8854
12.7604
12.8555
13.006
12.8147
12.7865
13.0541
13.1883
12.8374
12.9673
13.0562
13.0048
12.9423
12.82
12.6322
12.942
13.3524
12.6201
13.1694
12.9256
12.8426
12.9534
12.478
