2.66364
2.37316
2.47148
3.0602
2.6862
2.80801
3.31556
2.91929
2.41148
2.67527
2.63277
2.98547
2.90556
2.96167
2.5608
2.7671
2.69804
2.89665
2.75621
3.06469
2.66907
2.86261
3.12884
2.66979
2.6253
2.88807
2.39217
2.88469
2.50921
3.25067
3.23054
2.92669
2.8859
2.96346
2.71333
2.64143
2.67205
2.78999
2.70281
3.0076
3.11124
3.0809
2.39554
3.16777
2.49799
3.30501
2.87776
2.98508
2.66195
2.30259
2.62318
2.74821
2.66372
3.01269
2.83246
3.08154
2.81079
2.56262
2.76362
3.02826
3.55781
2.69568
2.62685
3.09178
3.03923
2.78267
3.17324
2.78309
2.55476
2.42319
2.76019
2.65036
2.8835
2.9793
3.08578
2.41427
2.94882
3.09765
2.92756
2.94596
2.72465
2.94872
2.96597
2.96951
2.77429
2.64807
3.13003
2.88795
2.93819
2.6818
2.845
2.60539
3.03701
2.50354
3.017
2.7965
2.78201
2.75183
2.72281
2.9332
2.7086
2.7016
2.7543
2.86311
2.93229
2.89836
2.77688
2.96968
2.56185
2.85661
2.8834
2.79103
3.11931
2.81881
2.73783
2.88827
2.55088
2.78034
3.14229
3.29834
2.80576
2.59842
2.81968
3.07782
2.89808
3.0453
2.73735
2.86648
2.96077
3.03458
3.06105
2.7376
2.93602
2.46528
3.0021
2.43108
2.50644
2.63911
2.80629
2.83743
2.8741
3.17157
2.94923
3.36624
3.11485
2.89673
2.47796
2.80863
3.07156
2.52843
2.74254
2.63578
2.72136
2.86624
2.95347
2.58506
2.77428
2.64227
2.80433
2.60507
2.97172
2.68967
3.0661
2.89247
3.19655
2.85506
2.64136
3.20395
2.73999
3.04185
3.03427
3.04742
2.90404
2.94924
2.98788
2.74376
3.06665
2.49043
2.74895
2.86278
3.17106
2.90282
2.97698
2.88988
2.86593
2.456
2.91001
2.81718
2.87318
2.32202
2.9703
3.32414
3.03934
2.74697
2.8805
2.76673
2.76422
2.7477
3.0565
2.52103
2.62113
3.37032
2.68201
2.50218
2.69801
2.73556
2.85493
3.07524
3.09228
2.84606
2.5726
2.89368
2.97502
2.73301
2.93432
2.89966
3.04923
3.07605
2.6156
2.80544
2.90157
2.69814
3.08519
2.92083
2.72323
2.90872
2.64729
3.12727
2.89325
2.77357
2.80372
2.65775
2.77188
2.46458
2.86432
3.1151
2.97994
2.81122
3.24308
2.05598
3.00309
2.91924
2.5373
2.91013
2.83991
3.03961
2.4653
2.37205
2.93372
2.40979
2.96044
3.05994
2.96416
2.5781
2.71904
3.02731
2.51567
3.16877
2.84353
3.3572
3.04078
3.11353
2.70497
2.81952
2.87041
2.79014
2.68625
3.16423
3.18169
2.9581
2.83028
2.94735
2.96071
3.06722
3.53054
2.77616
2.8508
3.05597
2.965
2.70521
3.06072
3.04522
2.73656
2.9673
2.9311
2.68422
2.77807
3.37976
2.85559
2.81357
2.94873
2.96183
2.99928
2.84443
2.94486
2.98502
2.99751
2.94536
2.66285
2.68261
2.82479
2.77784
2.90923
2.91263
2.94505
2.7573
2.61492
3.20518
2.90222
3.02038
2.73422
3.12739
2.90693
2.64733
2.90748
2.76262
2.95805
2.80771
2.67311
3.04419
2.98851
3.02986
3.09576
2.47842
3.03352
2.78065
2.70449
3.14793
2.8296
3.24232
2.85908
2.58757
2.68569
2.50431
2.88065
2.50188
2.87385
3.04383
3.04626
2.79688
2.82123
2.90744
2.77637
2.6987
2.86103
2.88269
3.07551
3.27432
2.86219
2.81161
2.74873
2.73794
2.9425
2.99675
2.83151
3.2742
2.78792
2.84401
2.71527
2.63435
2.64999
2.60068
2.81407
2.80592
2.92971
3.17954
2.81946
2.91116
3.16106
3.01987
2.80098
2.78889
2.7644
3.09323
3.26748
2.84517
2.72667
2.76304
2.7944
3.03201
2.69689
2.81584
2.77088
3.08285
2.72309
2.91663
2.84581
2.6111
3.20797
2.61034
3.12573
2.94403
2.8502
3.23984
2.79677
3.127
2.74634
3.3778
3.40386
2.95277
2.86649
2.78332
3.19416
3.19426
2.75409
3.16978
3.21159
3.36919
2.81441
2.92942
2.94201
3.34727
2.69507
3.48887
3.23558
2.7344
2.94781
3.08131
2.89687
3.23877
2.76586
2.5975
3.28693
2.79071
3.00806
2.82032
3.41563
2.91826
2.78479
2.97258
2.61343
3.12223
3.27464
2.97338
3.13174
2.89864
2.99749
2.74062
3.21032
2.95468
3.26911
3.16056
3.32391
2.89875
2.97864
2.93993
3.31997
2.56715
2.75579
3.25184
3.56443
3.17384
3.02677
3.30651
2.98881
3.34976
3.13812
2.86424
3.07145
3.23342
3.13375
2.60738
3.0923
2.74321
3.32986
3.02959
3.13411
2.98598
3.18472
3.08847
2.70048
3.18398
3.09455
2.34729
3.39035
2.9393
2.81735
3.06939
3.15403
2.96233
2.737
3.58532
2.96679
2.9588
3.3111
2.83669
2.8684
2.82026
2.87413
2.86229
2.62194
3.1509
2.46521
2.58772
3.09944
2.94134
2.61135
2.84075
2.69236
2.40979
2.78566
3.23256
3.17696
2.51012
2.92356
2.85425
2.79183
3.11727
2.93035
2.55544
2.57929
2.61475
2.97928
2.96187
2.89258
2.89137
2.47765
2.77278
2.72869
2.56252
2.86474
2.94017
2.99539
3.08315
2.73307
2.93555
2.48482
2.46684
2.75644
3.01797
2.89152
2.3831
2.76532
2.6386
2.27458
2.85176
2.63863
2.8782
2.93309
2.67627
3.14923
2.64665
2.96754
2.66052
2.70233
2.98094
2.87107
2.90181
2.63777
2.88082
2.75796
2.28318
2.76045
2.75504
2.56125
2.9782
2.66646
2.68656
2.48324
3.31346
2.86072
2.80955
2.70608
2.54953
3.21541
2.71155
3.06994
2.74545
2.91187
3.1197
2.20769
2.6438
2.8484
2.75141
3.01015
2.802
2.68053
2.66257
3.15684
2.77852
2.74047
2.98851
2.61863
2.96804
2.66207
3.06219
2.85334
2.862
2.99099
2.82988
2.75582
2.72991
2.4611
2.96641
2.85143
2.51241
2.09335
2.69851
2.79735
2.82531
3.21748
2.94596
2.64794
3.15023
2.85292
3.02282
2.77173
2.69313
2.8297
2.79451
2.56369
2.38462
3.0965
2.83363
2.77916
2.53839
2.90009
2.55593
3.01624
2.69115
2.7331
2.75112
2.57541
2.79434
2.40389
2.59941
2.4228
2.43836
3.055
3.03966
2.65512
2.88178
2.64983
3.2739
3.01692
2.75156
2.62918
3.12763
3.16974
2.94736
2.32611
2.92297
2.94084
3.11773
2.92236
3.08161
3.27557
2.89653
2.78105
2.63002
2.83261
3.06209
3.08073
2.45748
3.19627
2.89183
2.82925
3.00124
2.86847
2.56306
2.46972
2.99569
3.16622
2.77539
2.74656
3.34783
2.79304
2.94106
2.8158
2.63091
2.69367
2.97211
2.86022
3.19571
2.95371
2.90473
2.80758
3.05126
2.602
2.86619
2.83573
3.00316
2.82224
2.92864
2.28217
3.21489
2.93872
2.71372
2.96647
3.16028
3.14966
2.91493
2.98877
2.93676
2.36392
3.11069
3.1118
2.94713
2.96464
2.83996
2.70242
2.76458
2.84577
3.1284
2.50075
2.78874
2.1143
2.91856
2.65297
2.89038
2.91166
3.20014
2.81485
2.80377
2.88743
2.78024
2.7328
2.89531
2.54216
2.57796
2.83965
2.91601
2.86803
2.98654
2.69687
2.88406
2.78634
2.97879
2.79745
2.72762
2.71714
2.5363
2.94221
2.74431
3.12374
2.92439
2.75206
2.51604
2.67286
2.74991
2.73231
2.61985
2.67886
2.82522
2.92052
2.56815
2.67024
2.55869
2.93092
2.91127
2.49366
2.82422
2.76551
2.68989
3.03602
2.73519
2.8768
2.63207
2.6712
2.98826
2.8782
2.74137
2.99624
2.51615
2.62434
2.69863
2.58179
2.64919
3.02768
3.06462
2.50892
2.52986
2.53351
3.02545
2.80475
2.21742
2.85171
3.00246
2.4298
2.84555
2.57051
2.98274
2.88611
2.82638
3.01828
2.69252
3.19305
3.09946
3.3124
2.85842
2.75654
3.00705
2.76204
2.8186
3.20213
2.8228
2.40586
2.49944
2.76127
2.62656
3.09234
2.70999
3.06447
3.01526
2.56964
2.92323
2.95219
2.6417
2.89841
3.03012
2.83001
2.63189
3.16098
3.03848
3.05888
2.53208
2.65568
2.63223
2.94681
2.58396
2.88125
2.95592
2.5777
2.83859
2.98429
2.87292
3.13994
2.73221
2.65078
3.15464
2.97311
2.71144
3.11257
2.96716
2.71698
3.32038
2.87514
2.90736
3.0084
3.34903
2.97021
2.66409
2.94036
2.98775
2.60674
2.98186
3.14176
2.68106
3.30041
2.35733
2.6803
2.4097
2.74476
2.77963
2.65709
3.00026
2.6548
2.82007
3.17046
3.43182
2.53944
2.69057
2.74443
2.98542
2.70276
2.80152
2.75436
3.1222
2.65996
2.76339
2.86431
2.75581
2.48743
3.03087
3.27329
2.88576
2.90442
2.91183
3.27839
3.1547
2.58166
2.90873
2.63643
3.04823
2.92419
2.71746
3.20015
2.93736
2.18992
2.81162
2.50578
3.00054
2.78659
2.75694
2.91332
2.8602
2.75364
2.49505
3.09702
3.10553
2.91755
2.71039
2.91526
2.42819
2.57934
2.90014
3.13484
2.61506
3.07042
3.25408
2.82123
2.95214
3.18569
3.05548
2.60171
2.9389
3.13026
2.88676
2.98562
3.22414
2.94404
2.87054
3.30189
3.05105
2.9116
2.97145
2.95741
2.78604
3.14629
3.16835
2.71437
2.67029
2.80837
2.59211
2.65402
2.85402
2.65448
2.61609
3.45997
2.88853
2.52972
2.40625
2.31041
2.99127
2.96578
2.8977
3.31064
3.20907
2.8634
2.91527
3.26062
3.0405
2.62907
3.32981
2.78153
3.00941
3.05208
3.09215
2.69489
2.96194
2.63715
3.0805
3.06225
2.95601
2.90845
3.35846
3.19151
2.83948
2.73007
3.11044
2.91121
2.60629
2.65767
2.76803
2.83722
2.9897
2.88627
2.74723
3.03075
2.63311
3.07724
3.02023
3.04743
2.72963
2.6178
2.52464
2.91092
2.87438
2.59303
2.76345
2.93635
3.00769
3.05394
2.41356
2.65055
3.40368
2.5717
3.17384
2.86131
3.42887
2.85217
2.9577
2.58352
3.17358
2.58254
3.17806
3.09619
2.95061
2.93357
3.06656
2.81998
2.85144
3.2114
3.20145
3.0765
2.47021
2.95497
2.95818
3.34474
3.0698
2.77127
3.17888
3.04158
2.97285
2.95166
2.77114
2.92983
3.13603
3.08942
3.19506
2.90133
2.97786
3.01927
2.96825
3.16227
2.8526
3.00578
2.51585
2.82206
2.54495
2.78446
2.36132
2.70855
2.50075
3.09541
2.72502
2.95392
2.62595
2.77627
2.60206
2.73457
2.71381
2.95919
3.05016
2.75653
3.04628
2.90406
2.53606
2.5927
2.87973
2.97316
2.69715
2.70311
3.02319
2.9767
2.72449
2.73929
2.55503
3.36197
3.09815
2.80277
2.75136
3.14493
3.00966
2.70922
2.766
2.82057
2.57705
2.99499
2.58826
3.05309
2.94871
2.56155
3.16144
2.47338
2.6806
2.82202
3.05761
2.88238
3.11196
3.16063
2.62124
3.19854
2.81189
2.58582
2.67427
2.85559
2.82822
2.67701
2.85402
2.55201
2.89648
3.15037
2.84952
2.95376
2.8363
2.86095
2.93332
2.84843
2.85227
2.86508
2.17701
2.67213
2.8058
2.70815
2.78856
2.75817
3.11128
3.0247
2.46425
2.92324
2.58849
2.75318
3.05413
2.64522
2.63767
2.80847
2.97525
2.75531
2.4649
2.9521
2.5631
2.61946
2.96717
2.92913
2.97593
3.00019
3.14208
3.22121
3.08585
3.16936
2.72367
2.95035
3.23158
2.90181
3.06175
2.88799
3.00274
2.84071
2.70563
2.89522
2.85124
2.71353
3.12807
3.07602
2.98245
2.70755
2.87914
2.83785
2.89704
3.4168
2.7451
2.75825
2.73488
2.42764
2.56283
3.13602
3.09039
2.66225
3.04465
2.88394
3.09978
2.75523
2.44793
2.9654
3.33512
2.72709
2.98065
2.62631
3.19522
3.15905
3.26245
2.98265
3.45188
3.2201
2.99622
2.879
2.88217
2.69048
2.66168
2.80344
2.6419
2.73619
3.39737
2.60402
2.58973
2.87113
2.66518
2.99121
2.971
3.00519
2.49878
3.21249
2.95676
2.82928
2.90081
2.79337
2.62778
2.53147
3.06091
2.79135
3.10344
2.98547
3.07269
2.66567
2.88013
2.7078
3.17028
3.52918
3.04274
3.04465
3.11195
3.00702
3.38289
3.15859
3.12754
3.05746
2.96086
2.95832
3.0653
3.10839
3.17897
2.59758
2.65009
3.33634
2.78046
3.13373
3.28047
2.69285
3.03489
2.88672
3.27601
2.63737
3.00276
2.77979
3.03356
3.02225
2.85002
3.00794
2.71934
2.88358
2.88831
3.09191
3.25302
2.84696
2.65708
3.2868
3.04111
3.01394
2.68671
2.98703
3.56196
2.87772
2.93544
2.90149
3.12542
2.9433
3.05228
3.02038
3.12996
3.13977
2.91674
2.99522
3.00139
2.74538
2.90561
3.18927
2.95911
2.70173
3.20651
3.10478
2.82098
3.10619
3.01621
2.98479
2.60814
2.73633
2.54676
2.94099
2.92873
3.45653
3.23178
2.83545
2.84763
2.74717
2.74944
2.84987
2.96664
2.5915
3.00961
2.46422
2.9226
3.10253
2.82943
2.67719
2.73111
3.36651
2.96937
2.63596
3.00284
2.98655
3.04745
3.159
2.17405
2.9539
2.92267
2.69368
3.10973
2.8594
2.78071
2.74953
2.47554
2.6577
3.28472
3.02437
3.21675
3.2116
2.92774
3.00917
2.71284
2.59398
2.59317
2.38003
2.7604
2.88912
2.75869
2.84205
2.7266
3.23993
2.83985
2.95596
2.88696
2.87672
2.6863
2.35871
2.9636
2.69923
2.77504
2.52726
2.81388
3.01461
2.90484
2.65882
2.89202
2.64778
2.95095
2.50339
2.71651
2.78013
2.94009
2.83264
2.66309
2.84327
2.55294
2.6046
3.21199
2.95931
2.80289
2.83062
2.9003
3.02211
2.79497
2.82991
2.7598
2.62519
2.63128
2.9327
3.23716
3.01784
3.05754
2.45434
2.91824
2.62815
2.80633
2.78817
2.59492
2.72886
2.75116
2.79274
2.66578
2.72281
2.4406
2.71404
2.66773
3.10192
2.96184
2.79398
2.56157
3.15022
2.54348
2.51571
2.9788
2.85025
2.87772
2.74689
2.77113
2.82725
2.32161
2.8533
2.56485
3.1463
2.81583
2.80472
2.59594
2.77224
2.61665
2.68696
2.6867
3.07901
2.82054
2.66994
2.97367
2.89853
2.62859
3.04829
3.08404
2.56923
2.40801
2.78339
2.74562
3.04458
2.7795
2.84096
2.4622
2.58065
2.70568
2.40461
2.70351
2.98509
2.70719
2.42187
3.02682
2.69094
2.60234
2.86054
3.03177
2.79719
2.47807
3.27659
2.52576
2.45534
2.3979
2.68789
2.31439
2.7447
2.932
2.55231
2.79483
2.45719
1.89891
2.85274
2.65724
2.86334
2.6748
3.19333
3.18024
2.96754
3.03612
2.99638
3.03764
2.69567
2.92151
2.68033
2.92471
2.63022
2.86171
2.85497
2.8413
3.02316
2.68336
2.61452
2.99338
2.83013
2.84032
2.94363
2.8254
3.27011
2.72394
2.75662
2.71582
2.67268
2.94207
2.70152
2.87145
3.1122
2.91007
2.69985
3.14347
3.12113
2.62601
2.48379
3.33514
3.13932
2.5831
3.33142
3.01926
3.09919
2.82928
2.78616
2.69537
2.91299
2.59336
3.03425
2.65884
2.60601
3.07741
2.76181
2.91753
2.88478
2.83823
2.70579
3.0247
2.50776
2.7408
2.9894
3.14374
2.56672
3.2631
3.02346
2.47957
2.83888
2.79458
2.58657
2.68511
2.80632
2.43427
2.59843
3.0218
2.84818
2.5047
3.17401
2.6508
2.19944
2.79775
2.75258
2.93347
2.94597
2.72136
2.521
2.58528
2.81493
2.9866
3.02507
2.76824
2.49608
2.96515
2.91429
2.87725
2.83621
3.00218
3.1947
2.76017
3.4666
3.04959
2.55322
3.1791
2.71946
2.99493
2.80775
2.89696
2.9559
2.90048
3.13269
2.66977
3.17789
2.66529
2.8521
2.57866
2.76558
3.10096
2.96964
2.70916
2.76219
2.78409
2.54139
3.00702
2.37046
2.71218
3.02287
2.9105
2.91519
2.61112
2.79519
2.94561
2.93312
3.11962
2.74476
2.4905
2.95317
2.87151
3.12276
2.96387
2.98708
3.12111
2.61446
3.01066
2.82274
2.6327
2.84141
2.84551
3.07956
2.9436
2.7917
3.15126
3.04437
2.70948
2.98588
3.04999
2.73333
3.0271
2.61662
3.07024
3.07081
2.86738
3.22711
2.67837
2.66344
2.5788
2.91205
2.94119
2.05505
2.77704
3.19804
2.86058
2.6993
2.65361
2.94407
2.97079
2.94641
2.93094
3.24494
3.18615
3.14485
2.95955
2.84411
2.45429
2.50087
2.94866
3.01813
2.56629
2.8299
2.66111
2.53686
2.99334
2.99248
2.88912
3.03414
2.73943
3.12763
3.00373
2.64219
2.91095
2.81909
3.01001
2.57872
2.50885
3.27965
2.93099
2.68421
2.58432
2.94286
3.09293
2.84335
2.89022
2.42344
3.06152
3.15711
3.14918
2.45272
2.96015
2.68484
3.25407
2.7737
3.15288
2.88763
2.98946
2.92794
2.29463
3.14426
2.82864
2.41136
2.37065
3.03847
2.90441
3.17106
2.91401
2.73869
3.02808
3.06773
2.81482
2.9371
2.67568
2.65901
2.50105
2.94929
2.81524
2.94121
2.8069
2.98383
2.8856
2.56619
2.42353
3.25241
2.90864
2.68464
2.32388
2.89874
2.88573
2.83576
3.18292
3.03915
2.9892
2.7941
3.22605
2.84605
2.57898
2.82017
2.95519
2.76669
2.59665
2.78168
3.00133
2.7431
2.76311
2.77722
2.72555
3.1986
3.18272
2.66717
2.91562
2.8645
2.94561
2.47418
3.00214
2.77441
2.74794
3.20483
3.0351
3.12762
2.92144
2.83371
3.43537
2.54151
3.0288
2.62413
2.86013
3.32084
2.97226
3.21287
2.77399
3.119
2.98189
2.6205
3.00427
3.10523
2.99291
2.35532
2.84374
2.48345
2.98881
2.88477
2.89015
2.94557
3.38116
2.9834
2.94062
2.70042
2.89604
2.77716
2.98163
2.72899
2.8884
2.97462
2.97538
2.80918
3.03403
2.99406
2.32647
2.98861
2.934
2.66043
2.9805
2.309
2.6532
2.53877
3.11197
2.83712
2.85573
3.03076
2.63468
2.77409
3.26453
3.01924
2.67639
2.62158
2.72807
2.73501
2.75559
2.72508
2.69346
2.32902
2.34062
2.81476
2.711
2.98315
2.96103
2.70484
2.7501
2.82762
2.62794
2.71788
2.41632
2.65173
2.29403
2.43158
3.03052
2.77773
2.69543
2.72027
2.31283
2.77253
2.82536
2.90855
2.4325
2.81701
2.84914
2.78386
2.67089
2.83598
2.7639
3.33827
2.71136
2.75694
2.82138
2.97434
2.85637
2.59135
2.74853
2.43972
2.64331
2.1566
2.71669
2.67329
3.01607
3.01401
2.61995
2.86088
2.88336
2.67339
2.87032
2.70904
2.49298
2.75852
2.44733
2.78889
2.68804
2.33654
2.69823
2.74775
3.23905
3.10384
2.92887
2.52938
2.7118
2.83232
3.0287
3.22395
3.4017
3.00146
2.8367
3.00138
2.85446
2.55512
2.53293
2.4929
3.11333
2.75683
2.88005
2.75697
3.08259
2.72011
2.89879
2.86787
3.3272
2.68844
2.8309
2.51723
2.65643
2.65553
2.68609
2.92695
3.10981
2.87261
2.64525
2.97021
3.357
2.93199
2.91424
3.48232
2.78126
3.06227
2.74637
2.88401
3.15521
2.82946
3.13772
2.87617
2.62786
3.17544
2.66547
3.1048
3.12501
3.18156
2.6911
2.93791
2.95983
2.61753
3.09276
2.98763
2.94805
2.94083
3.42
2.99818
2.92523
2.98105
3.3878
2.64936
2.42055
3.15389
2.79497
2.87823
2.89886
2.88069
3.04853
2.84378
2.94832
3.16235
3.15733
2.9231
3.08929
2.91732
3.29522
3.11928
2.83207
3.18325
3.56936
2.89313
2.98134
3.20907
3.072
3.28849
3.17533
3.02575
2.99303
2.9592
2.85616
3.37871
2.63599
3.27248
3.15615
2.77881
3.10999
2.8665
2.98654
3.11585
3.13205
3.13613
2.9154
2.87649
2.76133
3.19728
3.17442
3.04077
3.33376
3.57309
3.29461
3.0458
2.61257
3.20059
2.9287
3.04367
2.78129
3.05929
2.83479
2.80288
2.75162
3.27209
2.95614
3.09217
3.27246
3.12176
3.1448
3.01112
3.07745
3.14041
3.13246
2.96822
2.96491
3.56188
2.57794
2.7926
3.10959
3.1503
3.17706
3.39296
2.99622
2.87626
3.08194
3.12445
3.12555
3.00781
3.05527
3.07208
2.83583
2.92641
2.9707
3.09662
2.82098
3.17519
3.10501
2.96896
3.3139
3.06816
2.91728
3.07455
2.42596
2.77678
3.15632
3.06355
2.83357
2.68207
2.5606
2.62257
3.0661
2.76734
3.04915
3.2364
3.37864
3.07398
2.87478
2.96611
3.20353
2.46917
2.80898
3.01478
2.77627
3.0212
2.92751
3.09142
2.62586
2.65125
2.98989
2.90494
2.93795
2.84081
2.84297
3.18234
3.00722
2.92653
2.5602
3.09288
3.26468
3.11818
2.87725
2.98039
2.72773
2.76998
2.61878
2.93088
3.01225
2.95058
2.52701
2.82928
3.05274
2.77646
2.98274
2.73954
2.68265
2.6914
2.68058
3.13193
3.08353
2.72255
3.21283
2.84045
2.62623
2.83905
2.84998
2.88995
2.91007
2.70673
2.72897
2.87475
3.05002
3.03056
2.97196
3.18336
2.58589
2.99062
2.88619
2.89635
2.80145
2.90137
2.62983
2.69159
3.04363
2.77703
2.82805
2.69459
3.35008
2.63774
3.03534
2.81704
2.92775
2.70266
2.55193
2.5916
2.80331
2.80618
2.6991
2.66047
3.02711
3.04504
2.88864
2.9428
2.88456
3.16092
2.7892
2.86497
2.75674
2.857
3.15401
2.88514
2.5099
2.77731
2.79597
2.92849
2.73433
2.85203
3.25077
2.96699
3.04896
3.01115
2.88221
3.08755
2.88989
2.73609
2.87319
3.29432
2.91023
3.16276
2.82533
2.67893
2.56548
3.01123
2.99744
2.58754
2.67102
3.25768
2.75329
2.60378
2.80471
2.9141
2.91415
3.03383
2.87625
2.79268
2.21339
3.03427
3.21267
2.84909
2.90708
3.03282
2.68395
2.63732
2.66819
2.96569
2.92496
2.7011
3.16829
2.60681
2.45139
2.53654
2.7729
2.52476
2.97752
2.98105
3.12092
2.83487
2.73714
2.62803
2.64804
2.75926
2.828
2.84589
2.87348
2.61851
2.85734
3.07487
2.90469
2.90616
2.48361
2.77688
2.43458
3.01137
3.12137
2.66181
2.98264
3.21039
2.70085
3.03695
2.64419
3.04535
2.86261
2.9879
2.68608
2.96967
2.96027
3.03783
2.75932
2.60707
2.94548
3.3601
3.31973
2.66564
2.86552
2.67808
3.0259
2.88591
2.54297
2.99145
2.73773
3.10379
2.57733
2.64425
3.30307
2.43804
2.90681
2.87064
3.18835
2.80806
3.2298
3.21133
3.42814
2.11011
3.14057
2.66199
2.87831
3.03786
2.90496
2.87337
3.04319
2.92327
2.97801
3.08446
2.32574
2.82584
2.85526
3.09246
2.86597
2.96161
2.72778
3.12311
3.08124
3.02377
3.08285
2.70627
2.59585
2.73663
3.05443
3.08643
2.88055
3.30242
3.61876
2.49999
3.18498
2.77211
2.87162
2.9893
2.60869
3.43426
2.82266
2.67787
3.02609
2.86761
3.40077
3.12468
2.63444
3.25875
3.07634
3.05149
3.08282
3.22039
2.8366
3.08488
3.15644
3.37718
2.76222
2.84532
2.75255
2.90343
3.0579
3.04847
2.77277
2.87571
2.74624
3.35246
3.02066
2.79506
2.59152
3.25846
3.09083
3.0865
3.02369
2.94263
3.17976
3.26026
2.53823
3.07895
2.35578
2.56578
3.08659
3.2063
2.6099
3.10024
3.22903
2.59417
2.78595
3.11984
2.46329
3.05083
2.83156
3.09193
2.8572
2.48505
2.96102
2.68625
2.77007
3.0578
3.04355
3.06321
2.66075
2.8659
2.6202
2.99731
3.08276
2.71403
3.1341
3.31412
3.10062
3.21939
3.20478
2.87923
2.34803
3.18636
2.9916
2.34339
3.25292
2.95147
3.14563
2.67013
3.12123
3.12819
3.16141
2.94619
2.90883
3.02844
2.53979
3.24964
2.9742
2.42319
2.39141
2.83906
2.62597
2.84133
2.28585
2.59484
3.07486
2.46898
2.43694
3.11696
2.53125
2.6378
2.80182
3.00997
3.13816
3.59058
3.16939
3.12771
2.65328
3.00662
2.8654
3.04412
3.18684
3.19476
3.08042
2.57582
2.54678
2.70362
2.9541
2.95868
2.99741
3.00066
2.99531
3.03129
2.9648
2.88523
2.66619
3.03004
2.96346
2.87078
2.83821
2.78346
3.3154
3.13029
3.08626
2.81366
2.76552
3.06766
2.71467
3.18902
2.64385
3.01279
2.93634
3.00744
2.70537
2.89369
2.68383
3.02065
2.73691
3.13324
2.75716
3.23597
3.4766
3.10422
3.35791
2.92805
2.92081
3.1935
3.32115
2.97521
2.99613
2.76136
3.06286
3.13426
2.87847
3.12693
2.75944
2.94992
2.99235
2.70395
2.95513
2.82383
3.29371
2.69933
2.90592
3.46897
2.97894
3.2606
3.05115
2.93306
2.49578
3.0937
2.78195
2.86914
3.1709
2.96063
3.16006
2.98385
3.40256
3.04145
3.08935
3.47153
2.75009
2.82451
2.66697
2.93064
3.07391
2.78164
3.08223
2.59327
3.04663
2.89029
3.14288
3.23608
2.9508
3.40047
2.97025
2.84119
3.22514
2.91063
3.14487
3.32626
2.66349
2.83539
2.52521
2.589
2.91931
2.67718
2.5186
2.63522
2.72116
3.09147
3.02353
2.82693
3.20919
3.07922
2.83602
2.74063
3.07166
3.16767
2.73201
2.94237
3.32887
3.06406
3.18093
3.10516
2.79799
2.67242
2.71452
3.16402
2.96374
3.11906
2.7686
3.00658
3.04888
2.98374
3.27205
2.72512
3.39908
3.04453
2.86634
2.5647
3.16423
2.7875
2.8042
2.78097
2.89374
2.92183
2.70556
2.58148
2.85434
2.48849
3.00665
2.97313
3.13231
2.61516
2.85208
2.85247
2.54825
2.79713
3.17364
3.03826
3.2258
2.54633
2.72544
2.85503
3.30704
2.97631
3.03517
3.03686
2.88568
2.80488
2.70975
3.23166
2.81185
2.75614
3.0421
2.94543
2.87408
2.93431
3.231
2.79422
2.68345
3.52046
2.98981
3.13126
2.6766
3.16163
3.1256
2.82474
2.8435
2.68755
3.24282
3.50743
2.39914
2.78577
2.86966
2.89018
3.09366
2.85722
2.90281
2.96746
3.15204
3.02073
3.11835
3.61775
3.14498
2.96103
2.93607
2.73147
2.98571
2.87489
3.39957
3.40747
2.89402
2.91393
2.40436
3.45922
3.03272
2.84226
2.90092
3.30358
3.16691
2.75195
2.77456
3.28094
2.88383
3.08404
3.16143
2.65876
3.28227
3.12381
3.25893
2.83222
2.9878
3.18009
3.4482
3.22817
3.01613
3.39992
3.30788
3.39806
3.08516
3.02314
3.29531
3.54447
2.80814
3.14909
3.03056
2.58314
2.73784
2.98102
3.14144
3.02743
2.99257
3.20582
3.10968
3.06793
3.22609
2.67905
2.87868
3.17612
3.20067
3.01045
3.43691
3.23457
2.90295
3.33471
2.78129
3.25264
3.26076
3.24803
3.03156
3.07304
3.05807
2.98157
2.84082
3.05261
2.81733
3.24056
3.10352
2.79402
3.16236
2.84349
2.89913
2.88664
2.69076
2.53097
3.13892
3.17425
3.03305
3.09296
3.08969
2.36471
2.51316
2.81251
3.31627
3.26784
3.30275
3.25307
2.64655
2.79653
2.73022
2.62548
3.30306
2.51867
3.30321
2.55426
2.94651
2.67475
2.80566
2.90457
3.15868
2.36611
3.11255
2.83996
2.61112
2.96896
3.23361
3.29629
2.83147
3.10473
3.07536
3.06185
2.74874
2.69118
2.91232
3.19412
3.08314
2.80426
2.93461
2.83513
3.16294
2.88089
2.92961
3.13066
2.99691
3.1882
3.26392
3.03827
2.9751
3.3753
3.02825
2.84431
2.66823
2.87761
2.99102
3.10368
3.10557
2.83362
3.31945
3.07576
3.27109
2.65336
2.66586
2.8167
3.05272
2.59459
3.00978
3.25908
3.06554
2.96385
3.23335
2.6736
3.322
3.28375
3.08557
3.03012
2.77045
3.3766
2.89606
2.86058
2.75169
2.52455
3.03404
2.70325
2.80212
3.1861
2.79831
3.27877
2.70005
2.8074
3.05396
3.08205
2.8574
2.87798
2.92711
2.57232
3.143
2.92481
2.77031
2.65498
2.95076
2.79305
3.04716
2.63516
2.83543
3.07481
2.81874
2.56068
3.24812
2.89607
3.1218
3.19018
3.28287
2.94341
2.86575
2.56193
3.11477
2.8761
2.70523
2.83485
3.0466
3.0296
3.02935
3.25355
3.21779
3.15728
2.67878
2.67029
2.89487
2.837
2.8534
2.53402
2.92167
2.94612
2.91222
3.26795
3.06024
2.81542
2.9527
2.71902
3.31594
2.55398
3.02729
2.95354
2.99792
2.90672
2.73381
2.59447
3.188
2.91202
3.38965
2.81542
3.08935
2.99053
3.12132
3.20423
2.96809
3.26981
2.89502
3.0646
3.20631
3.4787
3.15551
2.93199
2.87185
2.93551
3.17228
3.20952
3.08164
2.53826
2.47265
3.19592
3.04634
2.9599
2.97982
3.19024
2.72373
2.46631
2.7266
3.32772
2.5345
2.8277
2.83401
2.61087
2.653
2.58963
2.56033
2.77565
2.95648
3.03427
3.0084
2.84675
2.95362
2.44299
2.92201
2.92069
2.76337
2.85407
2.79418
2.56706
2.4185
2.89956
3.25204
2.61495
2.80368
2.94885
2.82256
3.2755
3.04477
2.81306
2.90765
2.77522
3.24107
2.57317
3.02302
2.72506
2.82659
2.89792
2.54055
2.88965
2.92738
2.68466
2.81913
2.73282
2.96236
2.81071
2.75678
2.67498
2.92401
2.83454
2.54651
2.62769
2.72624
2.94695
2.99253
2.73137
2.72777
2.92158
2.52305
2.70442
2.63751
2.86075
2.96275
2.26333
2.84181
2.73078
2.58068
2.61712
3.32659
2.63462
3.15556
2.98272
2.80637
2.83858
2.60173
2.63057
2.42315
2.88884
2.68373
2.28657
2.82348
3.10675
2.96002
2.73289
2.76612
3.04627
2.58041
2.70611
2.6518
2.98857
3.12237
3.0813
2.87036
2.59857
2.68878
2.58338
2.32391
2.99745
2.89246
2.94018
2.63047
2.91474
3.0122
3.08752
2.8832
2.59073
2.83417
3.09419
3.17313
2.83518
2.97357
2.73166
2.93151
2.97072
2.35566
3.08022
2.5174
2.65106
2.74935
2.55147
3.03353
2.9021
2.83468
2.72835
2.73254
2.90027
2.16266
2.92763
3.00469
2.58435
2.6484
2.50192
2.96511
2.56782
2.78841
2.78554
2.95907
2.86015
2.25479
2.66651
2.78705
2.65664
2.57907
2.98807
2.72884
2.68693
2.19879
3.26649
2.64643
3.12771
2.95112
2.92443
3.13088
3.11393
2.81998
3.04823
2.70451
3.27639
2.9656
2.84712
3.08897
2.72552
2.83105
2.40757
3.17063
2.46954
3.23778
2.68972
2.62736
2.86055
3.06142
2.96342
2.6492
3.4328
2.83192
2.72091
2.70649
2.86705
2.62372
3.11382
2.95812
3.19022
2.73811
2.89096
2.66422
2.6954
3.16049
2.5869
2.71977
3.1632
2.64727
3.09944
2.64799
3.21791
2.9876
2.73266
2.6498
2.6228
2.79059
2.85791
2.60311
2.71281
2.89284
3.17166
3.16219
2.7366
2.89239
2.79638
3.07766
2.61242
2.85648
2.92025
3.32788
3.00941
2.80309
2.87553
2.96131
3.00168
3.04961
3.26298
3.17042
3.43614
2.5644
2.58411
3.01145
2.75934
2.59379
2.94993
2.83233
3.15697
2.85965
3.03877
3.14799
2.94313
3.06983
2.24218
3.18171
2.87498
2.92269
2.63568
2.56059
2.95017
2.97317
2.98195
2.98783
2.74514
2.81973
2.93666
2.82904
2.79204
3.07416
3.33543
2.63329
3.24281
2.99913
2.78413
2.79918
2.63858
2.91514
2.44299
2.65153
2.63021
2.13306
3.12121
2.80788
2.7596
2.48911
3.15051
3.31104
2.62031
2.86702
2.80307
2.96102
3.33451
3.43589
2.71098
2.56292
3.06954
2.86589
2.5399
3.18608
2.93132
2.97912
2.80264
2.51074
2.70042
3.20271
2.87251
2.53296
3.18042
3.22382
3.10935
2.74097
2.87302
2.7552
3.10565
2.86008
3.06568
2.79025
2.80678
3.17715
3.26212
2.89219
3.0382
2.89676
2.7718
3.03864
2.89197
2.98287
2.96894
2.55312
2.74705
3.06975
2.9501
2.63288
2.6553
3.13846
2.95898
2.39508
2.54507
2.75135
2.77081
2.7892
2.80654
2.85067
2.68884
2.72415
2.88958
2.65981
3.17431
2.64706
2.91189
2.916
2.97801
2.89602
2.4493
2.95907
2.89696
3.02029
2.8656
2.89478
2.66787
2.64038
2.47694
2.60529
2.67375
3.16128
2.89133
2.50353
2.73878
2.96261
3.03355
2.50589
3.09093
2.44015
2.49348
3.00023
2.79441
2.36568
2.75254
3.05449
2.71339
2.61195
2.828
2.70062
2.68941
2.54272
3.0972
3.12471
3.11941
2.73056
2.9884
3.08494
2.9208
2.8566
2.79621
2.76134
2.67186
2.9803
2.63287
2.81029
3.24836
3.15021
2.88121
2.95641
2.66221
2.82801
2.96263
2.43432
2.58298
3.14005
2.77642
2.67793
2.73079
2.6023
2.93582
2.79659
2.88064
2.78042
2.7717
2.89904
2.83978
3.06075
2.46977
3.1393
2.78658
3.07895
3.14857
3.22792
2.90198
3.01823
2.82252
3.1632
2.87212
3.09819
2.90378
2.77893
2.65044
3.04999
2.79846
2.77459
3.22276
2.99942
2.92422
2.97483
3.05786
2.93211
2.8018
2.96664
3.02774
2.86772
2.58115
2.65925
2.56456
3.05037
2.73232
2.71162
2.68406
2.93606
2.88305
2.64358
2.70815
2.38881
2.617
3.17812
2.52071
2.63427
3.06047
2.66844
2.81424
2.90813
3.04093
3.1919
2.31752
2.72892
2.56312
2.92842
2.54733
2.62854
3.13232
3.1305
2.8796
2.55769
2.92019
3.17365
3.24251
2.80969
2.5942
2.66333
3.09023
2.97456
2.58082
2.63892
2.99743
2.8505
2.55884
2.56003
2.92616
2.76897
3.00097
2.68432
2.85265
2.21706
3.03765
2.46287
2.73028
2.82866
2.72441
2.65041
2.58561
2.94682
2.64191
2.87093
2.66066
3.23234
2.49078
2.84352
2.82912
3.37251
2.68383
2.60989
2.92832
3.0906
2.81025
2.75347
3.13476
3.00478
2.69653
2.96919
2.76101
2.91109
3.1313
3.09007
2.87265
3.23178
3.15096
2.80162
2.84639
2.81507
2.72088
3.03489
3.23576
2.48815
2.78852
2.97485
2.52591
3.10412
2.39593
2.91763
2.44809
3.09954
2.7384
2.759
2.85341
2.1514
2.93849
2.68222
2.88082
2.88772
3.27279
3.19036
2.75011
3.1434
3.15016
2.54661
2.98064
3.04757
3.0986
2.97873
3.03456
2.81407
3.24308
2.78389
3.40534
2.65344
3.03764
2.94641
3.21772
2.81157
2.70475
3.05691
3.14795
2.97806
3.27035
2.89965
3.10899
3.11869
2.99735
2.84089
2.81473
2.57855
3.02455
3.16074
2.84059
3.11643
2.89652
3.16031
2.85319
2.5937
3.03228
2.91148
2.62356
3.25908
3.14613
2.85165
3.20746
2.92137
3.21505
2.93051
2.5201
3.32667
2.92564
3.1807
2.8728
2.80256
2.97295
2.82112
2.88448
2.60994
2.30763
2.83959
2.69052
2.9223
2.88631
2.63866
2.45412
2.67544
3.18086
2.44757
2.96721
3.06027
3.38526
3.15912
3.09969
2.85143
2.87464
2.88104
2.71344
2.67918
2.94266
3.09251
2.89519
2.84478
2.8156
2.83071
2.92694
3.07726
2.78666
2.75081
3.00851
3.00794
2.55123
2.78301
2.86794
2.40587
2.71809
2.74016
2.58784
2.73475
3.19164
2.94516
2.71887
3.41983
2.56553
2.99476
2.59332
2.96075
2.98643
3.29332
3.08792
3.24575
3.04148
3.35556
3.30677
2.83815
2.92079
3.40179
3.15167
3.30922
3.25538
3.02638
2.97206
3.19906
3.14545
3.0094
3.43276
2.64439
2.75923
2.9702
2.7986
2.9852
2.87659
3.23199
2.93125
2.9231
3.10421
2.95102
3.243
3.0803
3.43811
3.29022
2.93143
3.0254
3.5057
3.08207
2.71333
3.1171
3.18066
3.44004
3.312
2.3878
3.04678
3.02069
2.99661
3.1636
2.86012
3.09033
3.10831
3.10282
2.87057
2.89611
3.06663
2.89181
2.49024
3.02317
2.49811
2.63895
2.56544
2.96892
2.65494
2.79318
2.95893
2.81574
2.94286
2.81561
2.79552
3.22976
3.23563
2.87729
2.68975
2.88732
2.98042
3.2852
2.83597
3.31142
3.41874
3.11207
3.19559
3.09135
3.43643
2.54891
3.05689
2.97111
3.15563
2.77782
3.23348
3.04284
3.022
3.08032
2.87534
3.21074
2.75343
2.43506
2.56729
3.09262
3.19639
2.84861
2.8565
2.83674
2.5929
3.14703
2.97308
3.22833
2.89702
2.34401
2.59235
2.96543
2.3215
2.94465
3.0888
3.02981
2.98439
2.76042
2.98343
2.90733
3.13632
3.02758
2.94879
3.04822
2.73044
2.91752
2.97635
2.81932
2.88369
3.0219
2.91185
3.04801
2.56324
2.76881
3.04924
2.63894
2.85448
3.44881
3.18187
2.8373
2.5191
2.93221
2.85346
2.87163
2.92308
2.65503
3.09416
3.11547
2.75961
2.98327
3.05872
3.15521
2.92708
2.87846
2.7624
2.69345
3.1341
2.55106
2.81386
2.65675
2.71727
2.86153
2.8608
2.46158
2.63158
2.8102
2.96517
3.02638
2.93461
2.80547
2.79415
2.71551
2.85495
2.62405
2.61437
2.57328
2.29648
2.62972
2.51828
2.61299
2.69074
2.94669
2.83913
2.86741
2.71613
2.66336
2.82985
2.80112
2.84881
2.74494
2.78662
2.9931
3.07352
2.34835
2.55863
3.04258
2.65448
3.03783
3.11546
2.48584
3.09177
2.80752
2.55945
2.54276
2.94433
2.73815
2.82308
2.46466
3.07898
3.13885
2.89148
2.92454
2.91678
2.77786
3.03014
2.77255
3.19929
3.41886
2.98483
2.8504
2.97614
2.99212
3.16474
3.15438
2.61929
2.76555
2.71124
3.03398
2.62876
2.99948
2.71534
3.48001
2.15699
2.96227
3.0515
3.07121
2.62439
2.57656
3.09122
2.91099
3.35767
2.96601
2.64066
2.6724
3.18919
3.42902
2.84761
2.95495
2.74842
2.7781
2.48644
2.72459
3.04185
3.10413
2.80003
2.86995
2.96843
2.95302
2.62065
2.96908
2.76757
2.65216
2.76517
2.87152
2.94335
3.19578
2.67238
2.77392
2.84384
2.81897
2.8928
2.78748
2.6439
3.02263
2.2775
3.19367
2.74449
2.66013
2.56862
2.91422
2.57555
3.35474
2.97764
3.02421
3.04934
2.82561
3.01915
3.24347
3.07376
3.10634
3.10419
2.72311
3.26267
2.87505
2.47182
2.97424
2.99242
3.14795
2.71471
2.77732
2.73066
2.80147
2.94163
3.10067
2.43168
2.63281
2.4365
2.68864
3.01248
2.71087
2.50098
2.15993
2.65784
2.48786
2.85522
2.56212
2.9149
2.7371
3.0001
2.5265
2.64823
2.97461
2.91381
2.48939
2.79462
3.07318
2.61916
2.58072
2.5518
2.76781
2.78086
3.07914
2.69378
2.61075
2.81214
2.65581
2.87425
2.64455
2.8657
2.31504
2.679
2.78602
2.73689
2.43939
3.14896
2.79163
2.57453
2.55094
2.53332
2.83358
2.80021
2.85089
2.76269
3.10832
2.83024
2.80051
2.71484
2.52252
2.78843
2.62487
2.98781
2.90713
3.384
2.75941
3.00403
2.41062
2.77295
2.775
2.91585
2.99018
2.87771
2.98243
2.54495
3.05589
2.71612
2.57286
2.59177
3.19182
2.85185
2.64918
2.60375
3.06654
2.85312
2.87856
2.96145
2.65246
2.33355
2.97524
2.7289
2.60342
3.03627
2.99161
2.83053
3.07773
2.6648
3.04638
2.61125
2.34298
3.14932
2.71132
2.69712
2.7119
2.66752
2.93738
2.73729
2.70371
2.27707
3.37729
2.85287
2.96779
2.70071
2.84479
2.91017
3.06244
2.85052
3.01174
3.03937
3.20216
3.11484
2.88021
3.07873
2.9212
2.64656
2.25373
2.93621
3.15384
3.23673
2.77357
3.02937
2.77126
2.76849
3.21354
2.75037
2.79076
2.66456
3.00489
3.15558
3.16306
3.01876
2.38825
2.76799
2.85633
2.60051
2.68827
2.94506
2.70422
2.76109
2.89659
2.49904
2.68173
2.47384
2.56452
3.26114
2.87329
2.75053
2.56006
2.89291
2.58689
2.61704
2.84516
2.86176
2.56366
2.92391
2.63059
2.46898
2.79838
2.99565
2.38787
3.0344
2.74235
2.99945
2.76436
2.77469
2.64704
2.81731
2.87681
3.07941
2.65009
2.68515
2.74671
3.03086
3.08482
2.66605
2.82641
2.74046
2.5208
2.79486
3.11312
2.64903
2.80023
2.77003
2.5574
2.93182
2.69101
2.48209
3.17026
2.47231
2.99345
2.83953
2.7448
3.02289
2.82934
2.77227
2.8279
2.84633
3.15385
3.29423
2.95149
2.73711
3.16496
3.27254
2.65612
2.82018
3.15578
2.84217
2.8845
2.86732
3.01008
2.83252
2.80494
2.94997
2.66401
3.08694
3.01922
2.64284
2.7564
3.15916
2.70246
2.80211
2.88617
2.84748
3.14206
3.02109
2.71145
2.91148
3.10474
2.91496
3.10031
3.18703
2.76862
2.78436
2.93258
3.00571
3.06302
2.94915
2.35786
2.76011
3.03544
2.98472
2.88733
3.12507
2.84306
2.81767
3.01386
2.7127
2.9581
3.15722
2.90157
2.42783
3.18747
2.72258
3.07464
2.57403
2.87012
3.02432
3.00815
2.89433
3.13951
2.77214
2.61257
2.89212
2.85669
3.02126
3.06275
2.67224
2.74806
3.23816
3.14554
2.79106
3.12516
2.78148
3.09276
2.83797
3.41798
3.03201
3.23008
3.20259
2.77531
3.28634
2.91236
3.02362
2.79038
2.63287
2.67396
3.3456
3.13788
2.90819
2.63082
2.97541
3.23224
2.53708
2.82748
3.03957
2.70801
2.65861
3.22893
2.99188
2.92641
2.80363
2.37038
2.62848
2.84995
2.67356
3.16206
2.59267
3.08978
2.9431
3.13132
3.40596
3.0646
2.6444
2.64953
2.83437
3.25831
3.09172
3.13624
2.98993
2.88801
2.89392
2.69779
3.0799
3.14584
2.73358
2.63204
2.60804
2.81195
2.83251
2.68404
2.85801
3.09849
2.67456
2.78899
2.53008
2.42032
2.85647
3.03833
3.12775
2.86624
3.18585
2.97174
2.75032
2.53479
2.94407
2.5518
3.33672
2.87433
3.31638
2.99572
3.16586
2.69974
3.23808
2.95195
3.40857
3.0867
2.71778
3.00636
2.84639
2.99606
2.75647
3.1745
2.78032
3.19237
2.59967
2.79478
2.8402
2.97342
3.11861
3.07735
3.22797
2.7706
2.71496
2.52661
2.77154
2.59414
3.24018
2.70797
3.27404
3.02008
2.64688
2.82223
2.91094
2.99627
3.23466
2.65122
3.18449
3.16839
2.9002
2.55994
2.99931
3.40116
3.30199
3.16014
3.07482
3.31711
3.07494
3.38396
3.43888
3.3223
2.88687
3.10674
3.41296
3.16472
3.27935
3.60286
3.24448
3.10287
2.78009
3.0027
3.01181
3.07917
3.02155
2.74757
3.16169
3.21585
2.62819
3.03835
3.16769
2.95153
2.78046
2.76635
3.00143
2.99893
2.73885
2.75766
3.05385
2.93072
2.76522
3.02163
2.50507
2.85996
2.90573
2.39526
2.86421
2.92404
2.66325
2.79618
2.93392
2.85862
3.09203
3.12826
3.27376
2.42855
2.97266
3.04124
2.74396
2.67824
2.55798
2.61134
2.60679
2.67073
2.97891
2.62692
2.894
2.64027
2.94695
2.72401
2.67933
3.1949
3.03854
2.72236
2.89472
2.87446
2.82112
2.938
2.77576
2.35843
3.27218
2.99661
2.82031
2.9552
2.61666
2.80524
2.75503
3.04703
3.01008
3.07105
2.87353
2.48993
3.0557
3.10073
2.73241
3.21148
2.93616
3.24262
2.86679
3.05107
2.91835
2.81314
3.29983
3.09481
2.86954
2.68562
2.92288
2.93512
2.49321
2.7491
2.83963
2.91526
2.96798
2.67182
2.88158
3.01689
3.06971
2.84887
2.77264
2.95755
2.67509
2.87964
2.63514
2.84863
3.23811
2.99274
2.86311
2.91423
2.74251
2.80229
2.94169
2.83903
3.13643
2.56983
2.91004
2.93633
2.81227
2.87732
2.80927
2.95975
2.91311
3.70533
2.81682
3.29361
2.54811
2.83378
3.11689
2.73147
2.85456
2.49918
2.56979
2.98523
3.1234
2.78405
2.88896
3.0513
3.22639
3.07941
3.26157
3.10103
3.23146
2.31051
2.75078
3.42609
2.83767
3.33854
2.87297
2.99821
2.67373
2.85689
2.98328
2.58778
3.104
2.90342
3.01626
3.01247
2.98302
3.02825
2.98407
3.04508
2.90163
2.94575
3.13433
3.14645
3.13548
3.16674
3.36257
2.80762
3.42511
2.93985
2.98405
2.95669
3.15714
2.95238
3.3567
3.25852
2.87797
2.83264
3.07013
3.24443
2.61175
3.27145
3.0286
2.96845
2.6792
2.69027
3.51127
3.25053
3.14806
3.00638
2.62853
2.95012
2.85058
3.12609
3.20422
2.86774
3.04272
3.17097
2.76406
3.00466
3.16945
3.03045
2.77123
2.89391
3.06506
2.66409
2.73768
3.10777
2.97577
3.05674
2.6987
2.98398
2.96188
2.85107
2.76214
2.95285
3.21007
3.01875
3.05545
2.84566
2.73673
2.55731
2.89152
2.97215
2.83489
2.94464
2.94306
2.95684
2.75168
3.21021
2.86437
2.903
3.02602
2.92607
2.81478
3.00896
3.25862
2.85172
2.79162
3.05797
2.88405
3.09649
2.61464
2.68681
3.22151
2.79684
2.87469
2.57573
2.97169
2.75975
2.86432
2.84579
2.20178
2.30808
2.93415
2.89322
2.80873
2.77848
2.80233
2.6624
2.87378
3.15105
3.02623
2.61198
2.78664
2.95252
3.15968
2.29218
2.40883
2.84916
2.66188
3.13373
2.57284
2.31065
2.64144
2.85016
2.64719
2.56983
2.97643
2.90127
2.73561
2.93596
2.82126
2.78729
2.52879
2.80319
3.02642
2.98006
3.24166
2.83198
3.17857
2.91286
2.64322
3.12035
3.10222
2.71863
2.77778
3.06393
3.32935
3.18552
2.95187
3.02283
2.76029
2.87065
2.91167
2.79428
2.90746
3.0047
2.79951
3.02656
2.46587
2.99672
2.87168
3.06385
2.79665
2.95087
2.85949
3.38552
3.41671
3.1439
2.63841
2.84595
3.2361
2.90942
2.77708
2.56311
3.09491
3.08034
3.28819
2.90435
2.90468
3.18023
3.15649
2.9271
3.02573
3.24456
3.4835
3.02663
2.89519
2.70981
3.11147
2.73325
2.83813
2.69522
2.85846
3.33035
3.00036
3.00449
3.08592
3.28128
3
2.54919
2.75846
3.17044
2.92558
2.81596
2.81801
2.7787
2.71879
2.37582
2.47836
2.92149
2.73166
3.29612
2.97659
2.73501
2.81991
2.76812
2.87131
2.74083
2.78029
3.10362
3.2174
2.50873
3.18955
2.90728
2.9744
2.72217
2.98468
3.18074
2.97207
3.17616
3.06843
3.09506
3.36282
2.8021
2.89281
2.96778
3.05221
2.8892
2.94868
2.78824
2.78928
2.74654
3.07583
3.08373
3.16855
2.78688
2.7307
2.88925
2.97052
2.97629
2.83014
2.81291
3.47198
3.01298
3.18263
2.57653
2.99794
2.72422
2.99577
3.11814
3.02723
2.89645
3.18834
2.94393
2.93755
2.56515
2.79752
2.58228
3.23529
3.10242
2.80504
2.818
2.4976
3.1204
2.82433
2.84739
2.69238
2.55184
3.22155
2.53203
2.98872
2.75158
3.19539
2.88913
2.60745
2.86385
2.84736
3.11027
2.63611
2.92112
3.08847
3.18802
2.67453
2.90981
2.76317
2.96779
2.84019
2.57388
2.79661
2.87648
3.02854
2.80881
3.04464
2.95864
2.91891
2.55278
2.79591
2.93039
3.03303
2.94395
2.88041
2.99307
2.88328
2.92414
2.43333
2.67646
2.74331
2.78952
2.88568
2.60886
3.26369
2.89853
2.85325
3.08625
2.69816
3.00789
2.94046
3.10433
3.17898
3.07046
3.03737
3.07232
2.88714
3.09332
3.08158
3.13954
3.04763
2.83073
3.07403
3.1037
2.63142
2.83391
2.74257
2.68578
3.36343
2.95986
3.12808
2.88497
2.99144
3.09058
3.18749
2.94547
3.21735
2.74511
2.92692
3.18185
2.99538
2.75765
3.25597
3.05658
2.81405
3.2674
2.81997
2.68651
3.05592
2.97303
2.51509
2.56219
2.87395
2.82014
2.70156
2.58613
2.72952
3.08517
2.76745
3.11304
3.21602
3.50803
2.93145
2.57736
2.82363
2.99465
3.17295
2.90717
2.89303
3.04736
2.95502
3.12082
2.97222
3.17469
2.60317
2.82701
2.96563
3.043
2.92041
2.82612
2.63289
2.84526
2.88152
2.81061
2.90267
2.88302
2.81611
2.64688
3.18936
2.85104
3.12053
3.0631
2.65471
3.00696
2.7475
2.80408
2.80857
2.99063
2.50463
3.14751
2.8206
2.84466
2.81627
2.907
2.82421
3.26538
3.02899
2.83505
2.96761
3.00206
3.16877
2.76207
3.06417
3.02528
2.70169
2.82873
2.67182
2.58602
3.26857
2.44541
2.78702
2.81407
2.81541
2.98007
3.03064
2.97311
2.83816
2.8459
3.27413
3.22765
3.37199
2.66397
3.01813
3.37064
2.87288
3.07357
3.46945
3.08177
3.31906
3.14595
3.28342
2.84258
3.18899
3.17342
3.06495
2.78567
3.16195
2.93877
2.9063
2.82014
3.24298
3.28684
2.78261
3.51841
2.86107
3.02444
2.82226
2.62313
2.93291
2.6515
3.24915
2.67494
2.75551
2.7557
2.59964
2.69336
2.61471
2.58178
2.80739
2.6198
2.9531
2.83519
3.32865
2.67005
2.88498
3.21072
2.99942
2.27105
2.83387
2.66449
2.90481
3.20882
2.87989
3.15308
2.70357
2.51263
3.17502
3.12574
2.57493
3.02086
2.60822
2.9103
2.58864
2.95736
2.92949
2.57842
3.2146
2.86819
2.85431
2.62851
2.54153
3.185
2.60134
3.11105
2.65517
2.89517
2.72544
3.11027
3.39731
2.80187
3.1004
2.69036
2.91498
2.74676
2.8831
2.97186
2.93738
2.53529
2.71894
3.08808
2.74663
2.8331
2.58548
2.77472
2.65989
2.65793
2.49472
2.95447
3.18052
3.26318
3.10824
3.08999
2.76203
2.74194
2.9865
2.55092
2.73131
2.87926
2.89282
2.85412
2.81945
3.12703
2.67561
3.0715
3.08599
2.97468
2.9057
3.12426
