9.11608
9.36621
9.13706
9.23559
8.70186
9.02925
8.79562
9.27269
9.08137
9.03827
9.26021
9.20135
8.57743
8.70091
8.73433
8.62991
9.0578
9.2665
9.3805
9.15809
9.03302
8.92878
8.83993
8.97363
8.98073
9.30402
9.11443
9.45631
9.25571
8.79309
9.06542
9.06002
8.78379
9.0156
8.83626
9.39915
8.94103
9.20985
8.98536
9.33488
9.09261
9.29417
8.82092
9.34555
9.03862
9.51066
8.85793
8.87426
9.3447
8.94274
9.13261
9.3797
8.88945
9.26544
8.73159
8.84585
8.99241
8.89491
9.00257
8.99656
9.01438
9.25284
8.98993
9.03632
8.90156
9.06226
8.93441
9.0009
9.13231
8.90266
9.07344
9.17121
8.96886
8.71432
9.37325
9.09568
9.03606
9.1759
9.22903
9.33087
9.31877
8.95325
9.14893
8.8689
9.42932
9.21661
8.94555
9.04228
8.78747
8.84087
8.85969
8.85634
9.34751
9.02311
9.04496
8.37813
9.0205
8.90817
9.33268
9.11857
8.96894
9.10814
8.76515
8.78228
9.10941
8.91366
8.62604
9.24647
8.82826
8.72737
9.15122
8.99325
8.76775
9.15903
9.1803
9.00229
9.20737
9.43841
9.03759
8.9432
9.48115
8.90564
9.13436
9.17471
9.19962
9.39681
9.49775
9.05805
8.70436
9.23172
9.31414
9.09141
9.13915
9.29515
8.92084
9.13655
9.10087
8.94351
8.95697
9.02259
9.10974
8.989
9.17022
9.28367
9.10573
9.11508
9.29724
9.07712
9.04848
9.09419
9.2203
9.24139
8.61796
8.96876
8.90289
8.99187
9.15548
9.06497
9.32898
9.07839
9.24069
9.06872
9.19957
9.18821
9.19783
9.3689
8.94227
8.90961
9.30871
8.84801
8.66368
8.84149
8.89596
9.35761
9.00252
9.3321
9.32847
9.14246
9.41467
9.28078
9.06221
9.03172
9.37336
9.0936
9.3939
9.13043
8.99042
9.20946
8.96241
8.98948
9.60579
8.8091
9.29575
9.2971
9.21732
9.13139
9.10034
9.23364
9.37019
9.11596
9.37658
9.83069
9.06652
9.24452
9.25952
8.94762
9.07653
9.43183
9.41114
9.26446
8.959
9.05273
9.21523
9.16791
9.64848
9.32991
9.45922
8.91534
9.06272
8.95224
8.84537
9.56161
9.433
9.51723
9.40549
8.7945
9.2685
9.44318
9.52908
9.07778
9.20885
9.31471
9.06924
8.99996
9.30357
9.22919
8.63037
9.75394
9.26433
9.31223
9.57263
9.14333
9.18051
9.22606
9.01983
9.36722
8.83934
9.31799
9.64589
9.01313
8.92241
9.01414
9.32817
9.08025
9.5335
9.23161
9.26763
9.22167
9.46965
9.13554
9.43947
9.19863
9.0384
9.20478
9.19941
9.44642
9.02381
9.09363
9.45894
9.24054
9.16217
9.13438
9.63107
9.45307
8.86804
9.54996
9.12491
9.08324
9.15658
9.52841
9.33346
9.22271
9.23387
9.02512
9.08155
8.89391
8.90272
9.31686
9.06605
9.2914
9.43229
9.46164
9.06293
9.21126
9.28331
8.91307
9.05886
9.19175
9.50953
9.6227
9.19496
9.2602
9.42615
8.82293
9.30717
9.10531
9.25299
9.39668
9.19986
9.57052
9.21632
9.34108
9.02875
9.27745
9.06349
9.0327
9.1128
9.28491
9.30621
9.08864
9.08473
8.93363
9.35049
9.51513
9.4446
8.94139
9.10633
9.49252
9.20819
9.19435
9.08099
9.31801
9.40425
9.34659
9.14615
9.40877
9.25274
9.11269
9.34268
9.41697
9.10712
9.51386
9.31214
9.13484
9.25034
9.20454
8.9892
9.0314
9.02845
9.30687
9.12599
8.95711
9.58378
9.63488
9.66842
9.25363
9.28956
9.19849
9.49836
9.30485
9.30999
9.34723
9.01115
9.12232
9.04343
9.17422
9.52814
9.14481
9.47625
9.48285
9.34728
9.72753
9.29492
9.46755
8.92874
9.53721
9.5256
9.32611
9.37567
9.28021
9.25095
9.22649
9.21924
9.55072
8.95797
9.25836
9.47495
9.47355
9.11359
9.0224
9.20725
9.06413
9.13747
9.10709
9.13256
8.85881
9.05663
9.10348
9.15295
9.15906
9.02283
9.29705
9.31744
8.95228
8.90734
9.04305
9.17966
9.10983
9.34397
8.96393
9.20493
8.92002
9.28573
9.31818
9.26987
9.29791
8.92693
9.1314
9.47264
9.16395
9.35582
9.39263
9.17775
9.29791
9.08031
9.10151
9.25227
8.94476
9.23674
9.10388
9.0834
9.24887
9.11615
9.351
9.32058
9.10131
9.39293
8.77624
9.09544
9.28639
9.19771
9.09459
8.69417
9.13575
9.10405
9.17265
9.16485
8.91564
9.44315
9.20228
9.55467
8.989
9.16941
9.21327
8.83971
9.03455
9.25351
9.20569
8.83772
9.35644
9.00766
9.56239
9.19127
9.22552
9.3428
9.2595
9.11619
9.19264
9.28176
9.25489
9.3562
9.3551
9.23252
9.08638
8.85358
9.08995
8.902
9.35026
9.59514
8.82574
9.31342
9.27064
8.95342
9.12292
9.20096
9.07145
9.25919
8.66112
8.95628
8.5993
9.04534
9.33914
8.88885
9.24238
8.64895
8.71587
8.72926
8.85006
9.18901
9.12409
9.27
8.88899
9.26163
8.84826
9.08792
9.02983
8.56387
9.26414
8.80732
8.81666
8.71287
9.18583
8.75776
9.09627
9.01681
9.2793
8.77598
8.93827
9.22087
9.06807
8.51391
9.36132
9.32276
8.77188
9.00492
9.12993
9.262
8.86426
9.12245
9.28693
9.38758
9.09712
9.01959
9.18248
8.9453
9.12227
8.80258
8.78986
9.03857
8.82006
8.78081
9.47385
9.10316
9.04074
9.09608
8.8703
8.98238
8.94396
8.78474
8.69853
8.94893
8.92085
9.15063
8.66501
8.94591
9.48741
9.28042
8.70058
8.91436
9.20031
9.01051
8.98366
9.35422
8.57997
9.09376
8.87232
9.31785
8.78185
8.94006
9.30466
8.72282
9.14522
9.32718
9.19529
9.03067
8.75415
8.93715
8.75721
9.03171
9.2526
9.87891
8.97388
9.13835
9.09819
9.12243
9.233
8.81441
9.31326
9.15793
8.90874
9.14692
9.20355
9.2869
8.99251
9.27483
9.04332
9.29233
9.31786
9.02678
9.39993
9.27391
9.52296
9.62061
9.37059
9.2285
9.19787
9.39449
9.18737
9.13881
9.12813
9.14318
9.32901
9.37596
9.00736
9.29719
9.19774
9.11724
9.00388
9.30508
9.21916
9.04259
9.40335
9.4074
9.26179
8.80745
9.16794
9.76313
8.99172
9.4191
9.00648
9.49479
9.71674
9.15135
9.13453
9.16833
9.18226
9.28361
9.1938
9.24049
9.05789
9.4301
9.44339
9.40191
9.19164
9.2337
9.07934
9.04455
9.27918
9.37226
9.19016
9.23756
9.29767
9.37635
9.50957
9.43001
8.89845
9.0013
9.38623
9.09486
9.18868
9.54953
8.92466
9.31144
8.84109
9.08154
9.69532
8.88726
9.02775
8.85368
9.20076
8.88668
9.24454
9.4744
9.54896
9.49099
9.03491
9.07414
9.2084
9.19085
8.90029
9.73778
8.91216
9.25114
9.06496
8.86658
9.25704
8.92211
9.0507
9.2747
9.32939
9.38674
9.21465
9.27787
9.57191
9.20655
9.20007
9.43816
8.79252
9.07368
9.21747
9.58405
9.31251
9.30432
9.15713
9.26931
9.02301
9.08478
9.37599
9.30258
8.90945
9.55818
9.5786
9.51958
9.38204
8.97475
9.58551
8.98904
9.04317
9.7416
9.08178
9.30418
8.80223
9.20504
9.01632
9.49187
9.71855
9.32059
9.35592
9.42988
9.29911
9.20991
9.23541
9.52595
9.11095
9.11347
8.69772
9.27267
8.87577
8.76529
8.95728
9.43456
9.40607
9.38241
8.98235
9.2017
9.25494
8.83772
9.40104
9.49216
9.50172
9.55386
9.23886
9.23106
8.98931
9.26454
9.19482
9.14204
9.4416
9.19236
9.38992
9.05252
9.07109
9.10977
9.22645
8.87076
9.39901
9.48752
9.53552
9.13637
9.27392
9.39267
8.88412
9.23159
9.4886
9.62983
8.81033
9.42354
9.50313
9.38702
9.27313
8.81586
9.14117
9.30473
9.23306
9.53719
8.6828
8.83652
9.48199
9.24187
9.03864
9.18689
8.88158
9.06276
9.55078
9.1796
9.23093
9.11457
9.10884
9.43888
9.40484
9.42982
9.43373
9.12493
9.58651
9.56257
9.27451
9.66573
9.37294
9.13315
9.16573
9.3776
9.12807
9.09141
9.25469
9.21273
9.39931
9.10591
9.24343
9.42388
9.45735
9.26988
9.04649
9.17072
9.28279
9.33927
8.91066
9.50388
9.0926
9.03623
9.06211
9.06409
9.42522
8.85254
9.38906
9.71696
9.19403
9.3111
9.25671
9.24237
9.0774
9.62332
9.33605
9.6184
9.00079
9.18162
9.11699
9.2962
9.59959
9.66366
9.06177
9.46346
8.8947
9.52032
9.17123
9.46447
9.26514
9.10181
9.08526
8.84881
9.02995
8.96802
9.03198
9.11521
9.48359
9.13484
9.27565
8.94091
9.1472
9.25782
9.03056
8.87738
8.6415
9.16083
9.03168
9.36759
9.24794
9.11524
9.70211
9.69926
9.01982
9.35345
9.6135
9.11457
9.07365
9.08213
9.39458
8.94702
8.94504
9.40043
9.2077
9.27885
9.28485
9.14689
9.35302
9.49063
9.15684
9.13423
8.82362
9.26391
9.51776
9.26324
9.34217
8.96083
9.281
9.32275
9.29383
9.04259
9.16883
9.16944
8.89153
9.3619
9.24469
8.97375
9.2143
9.4344
9.2764
9.23232
9.0163
9.23191
9.40319
9.05742
9.54413
9.39214
9.5551
9.50078
8.91368
9.40475
9.43058
9.13773
9.19386
9.13622
9.15551
9.22079
9.38509
9.2785
9.38377
8.92198
8.71543
9.2839
9.20473
9.25896
9.04602
9.18269
9.04503
9.53123
8.8452
9.127
8.90668
8.94393
8.73739
8.8515
9.0077
9.13238
9.16911
8.96338
8.9255
9.11067
8.8469
8.98581
8.80999
8.93996
8.75519
9.11369
8.73443
8.83119
8.88126
9.06332
9.05238
8.5678
8.96622
9.10957
9.0069
9.38412
9.07085
9.36729
9.1728
8.99544
9.26633
9.35158
8.94418
9.1814
9.08795
9.32333
9.28766
8.86248
8.94461
8.90186
8.90242
9.02883
8.91369
9.74545
9.09381
9.07318
9.06916
8.70731
8.73715
8.97212
9.12024
9.07605
9.02609
8.49262
8.69619
9.42635
9.04802
8.90014
8.91882
8.98589
8.88329
8.90364
9.10116
9.37628
8.96307
8.64009
9.68529
9.05497
9.12411
8.76664
8.95457
8.94839
8.52899
9.00013
8.81138
8.89524
8.82468
8.64414
8.95948
9.25954
8.90856
9.01722
9.40822
8.79041
9.26257
9.3586
9.63235
8.60426
9.21564
9.24731
8.85957
8.94334
9.07293
9.49229
9.09071
9.49194
9.38434
9.01528
8.68803
9.37426
8.99854
8.95517
8.95764
9.29392
9.12067
8.8695
8.80663
9.2036
8.84689
9.12571
9.31444
8.57293
8.71631
9.42378
9.11006
8.99784
8.76454
8.59668
9.33018
9.04725
9.05719
9.49656
8.65512
9.05206
9.10517
8.98223
8.75096
9.4016
9.21606
9.11158
9.02106
9.03006
8.98249
9.28725
9.11629
8.96917
9.14756
9.081
9.37163
9.21807
9.13094
9.18493
9.0568
8.80909
9.11052
9.14384
9.01722
8.7509
8.83551
8.88328
9.2542
8.94575
9.18283
9.28176
8.85056
9.19518
8.68235
8.89861
8.90994
9.36428
9.06365
9.18769
9.25129
8.92968
9.13094
9.41295
8.99195
8.67318
9.03413
8.82595
9.12267
9.02784
9.03438
8.95086
9.06446
9.15804
8.95082
9.18713
9.20333
8.99417
9.42306
9.06728
9.65807
9.21499
9.14823
8.87759
8.77752
9.22874
9.10204
9.21079
9.50881
9.24183
9.52776
9.17829
8.98231
9.24203
8.80198
9.48072
9.2272
9.33986
9.2816
9.303
9.36588
9.41702
8.77541
9.34143
9.30139
9.06039
9.33033
9.30375
9.08326
9.22955
8.97824
9.31183
9.20587
9.02931
9.59765
9.07153
9.39455
9.18359
8.96499
9.13643
9.04866
8.9111
9.04217
9.41346
9.24457
9.10403
9.17587
9.15743
9.20599
8.93996
9.09357
9.12126
8.91508
9.03404
9.24795
8.94431
9.10983
9.24928
9.21285
9.1654
9.06292
9.34348
9.48648
8.61668
8.76495
9.15232
8.81054
9.38212
9.62738
9.00802
9.00919
8.96723
8.87962
9.40367
9.14263
9.47966
9.13987
9.3057
8.96894
9.30808
9.10979
8.49184
9.02221
8.8553
9.35642
9.28905
9.07745
9.09501
8.87083
8.95654
8.97511
8.98698
8.50966
8.96429
9.42247
9.12114
8.91717
9.16506
9.42577
9.267
9.2705
8.97056
9.25629
9.22691
8.96951
9.2216
9.14498
9.12132
8.87418
9.01769
8.96562
8.90473
9.64485
8.94578
8.95024
9.59057
8.99022
9.13144
8.85432
8.85386
9.07906
9.1442
9.11721
9.25004
9.26005
8.94521
9.0851
8.83764
8.90287
9.68022
9.06031
9.37032
9.17685
9.05842
9.03753
9.21471
9.10772
8.85134
8.95591
8.96754
8.91604
9.43199
9.74562
9.19356
9.1587
8.93204
9.13427
9.25985
8.98501
8.81784
8.98683
9.15769
9.20071
9.15022
9.08817
8.77757
8.85583
8.73565
9.02319
9.44732
8.80512
8.86616
8.94005
9.3801
9.15706
9.31955
9.04692
9.06601
8.76978
8.98074
9.18977
9.00081
8.89303
8.64966
9.21193
8.77084
8.95424
9.11722
9.431
9.21947
9.20631
8.99641
8.95478
9.04473
9.05484
9.18536
9.01043
8.83644
9.19999
9.36817
9.00379
8.87138
8.94991
9.01149
9.02703
9.18871
8.8641
9.23258
9.12227
9.22906
9.17074
8.93565
8.88096
8.7278
9.21895
9.00259
8.59426
9.34719
9.0391
8.90011
9.18298
8.85615
8.78618
9.01172
8.94473
9.09655
9.1819
9.18148
9.53975
9.26651
9.02509
9.33041
9.07118
9.12977
8.79725
9.08884
8.93144
9.08014
9.22478
9.10883
9.1322
9.14882
9.1234
9.57129
8.75952
9.06347
9.2137
8.89589
9.00937
8.82817
9.05696
8.96657
9.20952
9.33399
9.25492
9.01823
8.95986
8.97341
9.3769
9.27474
9.25853
9.07933
9.36894
8.99463
8.96691
8.99807
9.03201
8.9483
8.80006
8.83177
9.35619
9.03608
8.79224
9.11568
8.78254
9.08615
9.05643
9.33409
8.92673
9.11434
9.09701
8.69072
8.81547
8.96348
9.08929
8.8962
9.0609
8.75598
9.44729
8.8631
9.04423
9.38785
8.79551
9.27347
9.15365
8.76315
9.14307
9.05706
9.04081
9.24689
9.11545
9.45096
8.45653
9.06598
8.97835
9.04623
8.81547
8.845
9.13208
9.20262
9.06319
8.79613
9.14379
9.19862
9.21182
9.09845
9.29143
8.96539
8.9664
8.87603
9.06977
9.2198
9.03866
9.07146
9.14544
8.94478
8.86256
8.85036
9.12999
8.93357
9.42248
9.05416
8.99533
9.12661
8.95669
8.4894
9.0488
9.44625
9.13071
8.92877
9.20427
9.1635
9.01649
8.95461
9.27423
9.06925
9.05642
9.36383
9.02884
9.22265
8.83611
8.8583
9.07921
8.76336
9.01752
8.93152
9.21081
9.02895
9.1199
8.95928
9.00035
9.02346
9.16277
8.97026
9.45473
9.18091
9.04332
8.78642
8.73802
9.21753
9.15509
9.20144
9.50985
8.78491
8.99612
8.69095
9.31589
9.23462
8.92332
9.05951
9.09267
9.02985
8.9589
9.30191
8.86124
9.01743
9.19727
9.04461
8.88091
9.1536
8.94205
8.69542
9.09771
8.82658
8.55952
9.18652
9.11828
9.2187
8.66161
8.98324
8.72721
8.82727
8.83735
9.1214
9.33257
9.12324
9.19872
9.22129
9.2591
9.0137
9.19444
9.0276
8.78941
8.96828
9.36671
9.14622
8.79484
9.1352
8.78804
9.07526
8.92161
9.51812
8.90556
9.04813
8.67241
9.56244
9.2579
9.323
8.80038
8.85863
8.90847
9.24463
8.82709
9.00102
9.37841
8.77863
8.91626
9.11973
8.97875
8.94115
8.89931
8.74137
8.98034
8.80423
9.0836
9.34556
9.02145
9.4215
8.9331
8.87999
9.10567
9.00245
9.10784
9.40256
9.32156
8.90326
9.3055
8.94621
9.00128
8.94729
8.95892
9.15217
9.4191
8.58892
9.24069
9.39185
9.10842
8.95189
8.87118
9.01698
8.94436
8.65096
8.97393
9.12894
9.2018
9.17936
8.91515
9.28029
9.2545
8.88025
9.16022
9.12682
9.34194
8.61259
8.76141
8.89491
9.30145
9.17236
9.17135
9.09176
8.87047
9.24765
9.17635
8.99952
8.95844
9.36716
9.18477
9.09198
9.13668
9.25551
9.01756
8.79591
8.92903
9.32893
9.20501
9.23423
8.76129
9.45946
9.00602
8.95395
9.65116
9.45687
8.76107
9.17269
9.64677
9.34307
9.26503
9.29161
9.36957
9.22659
9.15707
8.87507
9.10829
9.68854
9.31865
9.17986
9.62376
9.27503
9.45386
8.94323
8.82993
9.21275
9.27817
9.04519
9.57047
9.35449
9.20464
9.66728
9.08898
9.19983
9.55955
9.05062
8.83696
9.25267
9.37826
9.01559
9.28986
8.98804
9.1407
8.98138
9.52546
9.17912
8.95958
9.19162
9.54856
8.98784
9.13579
9.37538
9.25706
9.10752
9.02737
9.19468
9.11941
9.12171
9.21763
9.26852
9.31502
9.54539
9.48399
9.53727
9.27308
9.46696
9.14427
9.0428
9.06769
8.80737
9.32758
9.40816
8.97811
9.33215
9.06651
9.25016
8.85394
9.17745
9.52675
8.88939
9.41661
8.91935
9.5009
9.12306
9.10033
9.15957
8.66154
9.30261
8.99928
9.25238
9.25348
9.1255
9.14882
9.05859
9.48339
9.25436
8.82915
8.93932
9.43474
9.5912
9.36661
9.20386
8.86671
9.32149
9.02989
9.52698
9.38038
8.98448
9.41782
9.12975
9.07486
9.16357
9.35911
9.46064
9.31845
9.35703
9.23566
8.71169
9.0218
9.3078
9.41756
9.65593
9.32794
8.91193
9.25199
9.5059
9.09075
8.99968
9.43682
9.34486
9.38915
8.99369
9.15594
9.05889
8.62789
9.29906
8.83804
8.95697
9.41511
9.11817
9.13509
9.55985
8.98355
9.19055
9.52506
8.85719
9.29213
9.02824
9.23298
9.16444
9.55391
9.08794
8.94689
8.94679
9.32717
9.08015
8.90229
9.22488
9.71468
9.3938
9.04797
9.21426
9.40552
8.82374
9.32955
9.41682
9.15592
8.99446
8.93637
8.89707
9.01484
9.30425
9.25332
9.01547
9.00383
8.94162
9.48786
8.92913
9.3338
9.09682
9.01069
9.37291
9.33468
8.86755
9.4502
9.03258
9.0025
9.4917
9.14937
9.15887
9.40858
9.24125
9.56382
9.46892
9.08766
9.24765
9.00587
8.96968
9.57312
9.23419
9.43269
8.9853
9.21024
9.26723
8.97743
9.35483
8.81537
9.38105
9.46334
9.26443
8.97972
9.0167
9.18525
9.09103
9.29903
9.08612
9.00461
8.94624
9.01618
9.41538
9.24695
8.84854
9.04276
9.29653
9.24468
9.3107
8.97626
9.20662
9.20555
9.64856
9.06556
9.05536
8.87576
9.34309
8.95673
9.19064
9.3234
9.32175
9.3507
8.96961
9.02709
9.21863
9.72131
9.6502
9.14957
9.2462
9.17366
9.06133
9.21513
9.58726
9.19449
9.17871
9.27947
8.83782
9.3665
9.1581
9.43287
9.41167
9.53464
9.27156
9.31752
9.27899
9.40142
9.24956
8.82138
9.48793
9.31202
9.06815
9.34375
9.69019
9.27787
9.61246
9.0448
9.11209
8.95758
9.19432
9.0231
9.03121
9.07607
9.03612
9.05785
9.2527
9.11284
9.28369
9.16205
9.07974
9.26749
9.18449
9.08706
8.96576
9.5329
9.44744
9.04821
8.89037
9.13098
8.85235
8.91357
9.31808
9.13908
8.84731
9.39619
9.06835
9.22271
9.60482
9.26168
8.99361
9.09156
9.43831
9.41404
8.91335
9.19193
9.04542
9.00228
8.87698
9.1568
9.27845
9.37896
9.09885
9.30159
9.30839
9.26682
9.38401
9.09794
9.12216
9.27987
9.03498
9.35728
8.83553
9.14927
9.44438
8.66227
9.17684
8.96328
8.95073
8.89271
8.9964
9.21088
9.45549
9.51202
9.16309
9.04134
9.11992
9.54402
9.1598
9.03433
9.05379
8.81367
9.23919
9.46687
9.00013
9.22303
9.20956
9.19491
9.13553
9.29103
9.08263
8.59042
9.11838
9.01907
9.17708
9.11597
9.12335
8.86995
9.08586
9.55061
8.98208
9.36445
9.06156
9.11325
9.16526
8.84839
8.91619
8.91946
9.02995
9.38191
9.49356
9.28347
9.36452
9.50558
9.12969
9.07824
9.10587
8.94313
8.68808
9.29833
9.36296
9.43941
8.89886
9.03399
8.79766
8.94949
9.4303
9.27488
8.96513
9.00171
9.24229
9.44854
9.39381
9.15976
9.11018
8.98902
8.93954
9.26928
9.22557
9.06284
9.49117
9.17455
9.05138
9.33303
8.94332
9.0751
8.91183
9.20077
9.12051
9.18653
9.25846
9.1554
9.38104
9.27793
9.14605
9.16393
9.1413
9.30903
9.22353
9.12034
8.72164
9.17477
8.8635
8.72607
9.28052
9.00678
9.16064
9.0045
8.79989
9.19441
9.08477
9.29704
8.99281
9.38986
9.0377
9.30885
8.81697
9.29025
9.00454
9.19807
9.17539
9.16163
8.86758
8.70763
8.96967
9.17366
9.17867
9.07197
9.03005
9.32722
8.93663
9.26106
9.06204
9.20507
9.27515
9.17261
9.11042
8.7514
8.96489
9.1486
8.70276
9.01954
9.00796
9.28434
9.11542
8.82804
8.83959
9.23207
9.16536
9.09415
8.95702
8.66565
9.42241
9.43388
9.38277
9.23876
9.16804
9.2641
9.49
9.02769
9.1217
9.38354
9.58679
9.41423
8.93288
8.89657
9.09311
8.73876
9.68531
9.16004
9.12193
9.09657
8.96767
8.98538
9.60465
9.12847
9.38915
8.93646
8.95887
8.76651
8.90185
8.81377
8.9595
8.70014
8.96492
8.76058
8.75949
9.04107
9.0847
9.03388
9.28471
9.06921
8.71701
9.32126
8.81534
9.20318
9.22664
8.92424
8.87348
8.81202
9.37323
9.54581
8.96122
9.3355
9.05225
9.08198
9.23994
9.30223
8.90112
8.89547
9.14122
9.17501
8.78409
8.76748
9.22905
8.51325
8.79205
8.86823
9.85421
8.86779
9.03669
8.93882
8.95337
9.13584
9.22012
8.9334
9.1619
9.24306
9.02943
8.77099
9.26729
9.35174
9.07976
9.00149
9.21914
8.65066
8.90539
9.48583
8.81175
9.28583
9.01464
8.86891
9.26362
9.05336
9.34166
9.4027
8.7412
9.08669
9.22176
8.96022
8.9657
8.88104
9.10975
8.97495
9.00677
8.98336
9.45933
8.96408
9.13352
9.04414
9.02322
9.19656
8.94709
8.93618
9.23022
9.17403
9.32774
8.94833
9.20503
9.16291
9.0973
9.20522
9.20467
8.74209
8.84888
8.98813
9.53699
8.68026
9.32695
9.39522
9.51834
9.33507
9.08268
8.84788
9.18601
9.06009
8.83932
8.77599
9.48523
9.353
9.24087
8.87599
9.62956
9.01634
9.07521
8.66689
9.13034
9.20513
8.99691
9.36014
8.9883
8.98612
9.08453
9.18759
9.33555
9.58471
9.03633
8.78073
9.33266
9.09413
8.76937
8.74265
9.24009
8.88041
9.09076
9.5829
9.00647
8.77303
8.88311
8.93017
9.03565
9.09548
8.77117
9.11932
9.11991
9.01306
9.33008
8.99491
9.33834
8.99941
8.68225
8.953
8.82891
9.07636
8.65175
9.32649
8.70638
9.13257
9.01758
8.89919
9.21704
9.424
9.11127
9.15681
8.78193
9.03265
8.94789
9.27884
9.43601
9.21956
9.10055
8.98629
9.00845
9.24813
9.03851
9.04194
9.43291
9.1812
9.10747
8.96078
8.79858
9.01722
9.00945
8.75288
8.72313
9.24213
8.95485
9.58169
8.92151
8.89933
9.02773
9.06829
9.56354
9.08187
9.16167
9.21015
9.08636
9.27896
9.26153
8.94562
8.90948
8.86639
9.3469
9.30651
9.40945
9.03982
8.93498
9.28424
9.26034
9.05529
9.28422
9.37424
9.39566
9.42433
9.5713
9.12221
9.08818
9.22296
9.35911
9.30397
9.26978
9.15549
9.35797
9.32862
9.05095
9.28339
9.07389
9.50969
9.09143
9.03218
9.02836
9.21788
9.13347
8.86699
9.11225
8.70646
8.90462
9.3646
9.07289
8.92019
9.4804
9.60164
9.41689
9.02216
9.04343
9.32067
9.4305
9.19105
9.14863
9.54123
9.47634
9.07678
9.11461
9.35531
9.2546
8.95002
9.10805
9.26694
9.11415
9.29192
9.34439
9.05603
8.95487
9.09193
8.93063
9.19246
8.85477
9.14104
9.22462
9.59542
9.25763
9.439
9.522
9.40551
9.42633
9.19324
8.98826
9.42506
9.07058
9.41062
9.19798
9.43705
9.22499
9.40402
9.07139
8.69791
8.88259
9.34596
9.26647
9.45057
9.77743
9.03606
9.41605
9.32415
9.1685
9.39713
9.56741
8.95142
9.31207
9.37955
9.14881
9.05395
9.50622
9.5652
9.08035
9.47437
9.17246
9.29487
9.18406
8.84825
9.349
9.38395
9.42006
9.68191
9.40589
8.91379
8.83069
9.49684
9.35301
9.17842
9.67607
9.28109
9.17539
9.11587
9.28784
8.79044
8.71565
9.63372
9.61096
9.07149
9.2504
8.99313
9.69853
9.3537
9.69404
9.17589
9.03365
9.3433
9.33204
9.27009
9.25103
9.01258
9.16358
9.03238
9.7546
9.4409
9.17071
9.28469
9.44385
9.30694
9.04564
9.40618
9.24103
9.35557
9.2096
8.9954
9.22109
9.37406
8.99644
9.17145
9.47251
9.3866
8.97744
9.07334
9.27453
8.76369
9.20208
9.20876
9.0477
9.07441
9.5034
9.12041
9.12116
9.47299
9.1607
9.23214
9.47309
9.1449
8.93593
9.06376
9.29354
9.45737
9.36244
9.13223
9.36307
9.59865
9.47836
9.3473
9.11417
9.11091
9.23499
9.32024
8.98464
9.04008
9.24484
9.35799
8.97905
9.13798
9.31959
9.43727
9.39653
9.0165
9.32575
9.19206
9.3711
9.26184
9.30111
8.97472
9.24324
9.01815
8.5529
9.45478
9.15506
9.16376
9.40473
9.00993
8.82124
9.59458
9.18781
9.1991
9.19283
8.75219
9.03706
9.09946
9.22176
8.78633
9.33422
9.09794
8.99163
9.02921
8.94126
9.08987
8.99262
9.33493
9.09906
8.79888
9.42413
9.2427
8.71966
9.06423
8.93263
9.35777
9.25602
8.9453
8.79438
9.37272
9.1157
9.18419
8.69904
9.34794
9.33442
9.38474
9.27498
9.13545
9.01959
9.15679
8.81412
9.31311
8.98571
9.79086
8.94284
9.01357
9.18424
8.84108
8.85688
8.97394
9.09388
9.03128
9.2137
9.38272
9.08692
9.22242
9.21496
9.10181
9.10699
8.95618
8.92584
9.09732
9.18238
9.1778
9.15622
8.97788
8.93357
9.01849
8.81837
9.60179
9.10767
8.98361
9.24478
8.87006
9.36503
9.32839
8.97259
9.18675
9.2437
9.01566
9.18796
9.37569
8.91751
9.01947
9.13761
9.06947
9.1925
9.05984
8.88519
9.12152
9.07414
9.08011
8.80936
9.27301
8.95967
9.09343
9.1441
8.87876
8.66676
8.57498
9.00588
9.2022
9.38441
9.33948
9.24612
9.40977
9.20884
9.52085
8.8343
8.98123
8.94647
9.44405
9.42212
9.03488
9.01065
9.18569
8.27035
9.19617
9.40558
8.91666
8.73724
8.84571
8.65868
9.36974
9.28267
9.02373
9.22495
9.51982
9.16891
9.48784
9.37505
9.29185
9.32292
9.07054
9.36781
9.29328
9.05664
9.72908
8.92111
8.95212
9.18744
9.39209
9.57234
9.07675
9.28619
9.14511
8.85171
9.31936
8.90746
9.20433
8.92315
9.07691
9.03969
9.17434
9.15928
9.23284
9.41866
9.29889
9.24399
9.11971
9.41489
9.05209
9.40463
9.52802
8.93057
9.18281
9.32809
8.89449
9.18155
9.20161
9.42885
9.23583
9.59985
8.75848
9.35201
9.03662
9.12918
9.13185
9.64374
9.23134
9.05314
9.13835
9.21337
9.14017
9.30593
9.25472
9.75359
9.22833
9.62415
8.92135
9.05625
9.21025
9.19847
9.03579
8.799
9.10185
9.26491
8.99046
9.41259
9.23501
9.19793
8.98185
9.31455
9.33129
9.13521
9.08674
9.33998
9.22778
9.45723
8.89713
9.02922
9.22524
8.89915
9.40111
8.87698
9.55762
8.95967
9.31822
9.12004
9.05218
8.96053
9.08882
9.44483
9.40546
8.98454
9.22926
9.28466
9.52097
8.69822
9.19432
8.98533
9.41358
8.65178
8.99661
9.25248
9.50124
9.12748
9.36268
9.19412
9.27612
8.95254
9.05868
8.62474
8.88932
9.28944
9.14966
8.9469
9.17724
9.67327
8.96379
8.98772
9.35042
9.27585
9.17328
9.14087
8.98944
9.03565
9.45136
9.07322
9.06842
9.49748
9.20615
9.42556
9.21921
9.3011
8.99075
8.93525
8.94668
9.30608
8.95486
9.64712
9.15661
9.24506
9.403
9.19745
9.40902
8.86283
9.0558
9.12799
9.19123
9.10911
8.89335
8.79651
8.88287
9.13075
9.02757
9.21079
9.53302
9.15068
9.18677
9.1972
8.76796
9.34852
9.04443
9.31951
9.08286
9.35972
8.70013
8.91747
8.85515
9.37012
9.21533
9.14168
9.32447
9.25517
8.9643
9.16752
8.79397
9.23373
9.35702
9.51697
8.89879
8.96555
9.14305
9.1749
9.07665
9.39045
9.1391
9.15394
9.31423
8.72174
9.16348
9.50902
9.0712
9.28941
9.0508
9.0041
9.31747
9.27766
9.05366
8.63934
9.47136
8.8131
8.55682
9.19618
8.92678
9.29669
8.99339
8.83843
9.19455
8.80464
8.95425
9.55436
8.88352
9.3137
9.01575
9.16136
9.12738
9.08304
9.18602
9.03048
9.0825
8.9324
9.14541
9.17982
9.05418
9.00317
9.08046
8.94721
9.05724
8.93091
9.09031
8.75625
9.1709
9.5724
9.03775
9.56926
9.16475
8.81226
9.06618
8.69018
8.84626
8.78311
9.39857
9.04184
9.15549
9.11371
9.06104
8.58444
9.23611
9.42156
8.90124
9.10406
9.33061
8.93933
9.26483
9.30906
8.61001
9.09062
9.21691
9.21609
9.63997
9.34896
9.23669
9.23613
9.06907
9.1979
9.62443
9.21803
9.16121
9.10842
9.28903
9.48465
9.25895
9.18144
8.73364
8.8704
9.62268
9.19998
9.19362
9.55263
9.45551
9.00183
9.41536
9.71416
9.44994
9.46711
9.63184
9.4089
9.27605
9.01222
9.34259
9.55026
8.82992
9.25089
8.89576
8.93512
8.68408
9.25841
8.97091
9.58521
9.24842
9.37162
9.04211
8.90367
9.23199
9.35824
9.06167
9.02694
9.20892
9.33593
9.37986
9.46841
9.35926
9.53117
9.21415
9.11715
9.27529
9.26444
9.46261
9.2719
9.05641
8.96579
9.4042
9.22881
9.07298
9.45247
9.25797
9.04116
9.50424
9.57566
9.2845
8.96575
9.17253
9.28309
9.15786
9.39069
9.64566
9.09327
9.4969
9.2682
9.13904
9.13689
9.33536
9.11718
8.98413
9.09971
8.96033
9.28301
9.02903
9.26221
9.07396
8.94655
9.54654
9.16598
9.33164
9.06387
8.98993
9.24753
9.56182
9.33639
9.37215
9.35922
9.08946
9.08841
8.87658
9.47835
9.29758
9.33595
8.90117
8.96597
9.52496
9.36993
9.08116
8.9388
9.21797
9.45722
9.12425
8.93844
8.75607
9.59041
9.20595
9.38877
9.34532
9.31958
8.83923
8.86912
9.64264
9.03305
9.25371
9.32583
8.91782
9.02671
9.12933
8.68404
9.29476
9.0838
9.25003
9.4611
9.15314
9.45907
8.84934
8.64775
8.91202
9.09324
8.85717
9.32085
9.52714
8.70291
9.58278
9.34672
9.28827
9.21201
9.47585
9.05583
8.9067
9.26417
8.95492
9.11929
8.85813
9.82133
9.17682
9.28763
9.48641
9.1814
9.41921
9.0183
8.78295
9.08862
9.5352
9.21043
8.94806
9.13478
9.16637
8.66447
9.08605
9.27075
9.48256
9.23906
9.13731
9.37584
9.47686
9.34415
8.839
9.46819
9.3047
9.42521
9.27046
8.96279
8.77942
9.08069
8.96784
9.11903
9.24519
8.99949
9.24158
8.89375
9.30455
8.87
8.94895
9.12989
9.07696
8.66103
9.12188
8.88487
8.83807
8.78058
9.35429
9.4768
9.08575
9.08
9.09959
9.14083
9.2017
9.01534
8.70652
8.95831
9.00727
9.04986
9.05335
9.62096
8.88995
8.97093
9.36383
9.18448
9.0883
9.48726
9.21412
8.67263
9.21646
9.18328
8.78779
9.03599
9.2328
8.8264
8.88112
8.82899
9.39599
9.37209
8.99645
8.83748
9.04023
9.07625
9.315
8.80971
9.27402
9.41249
9.61467
9.24201
9.4471
9.2564
9.67551
9.42024
9.16142
9.42739
9.21206
9.2879
9.22398
9.09989
9.01167
8.98469
9.43481
9.29409
9.41454
9.51646
9.31424
9.34561
9.09458
9.1568
8.93714
9.40223
9.23926
8.95814
9.06027
9.18543
9.16043
9.07054
9.37659
9.26523
9.51613
9.28466
9.15791
9.40228
9.32918
9.25745
9.2489
8.98066
9.51271
9.15909
9.1923
9.03187
9.11863
9.0012
9.06714
8.78942
9.35345
9.59835
8.84961
9.3226
9.37353
9.13055
9.32591
9.19909
8.89523
9.59074
8.96111
9.42941
9.8442
9.06815
9.09276
9.34194
9.0266
9.54275
9.23259
8.98113
9.44678
9.16968
8.99417
8.4636
9.21467
8.88933
9.27938
9.21822
8.73858
9.40226
9.10211
8.85373
8.98221
9.71483
9.23741
9.1159
9.46566
9.04397
9.16308
8.88132
8.67473
8.77037
9.74756
9.45761
9.42493
9.09276
9.02236
8.98874
9.19341
9.11569
8.99862
9.44005
9.12954
9.1839
8.86021
9.26833
9.02852
8.97623
9.06754
9.48681
8.9782
9.41959
9.04167
8.73612
8.83462
9.34664
9.78452
9.24238
8.88498
9.04155
8.88404
9.11811
9.20604
8.39042
9.08152
8.5433
9.00277
9.20626
8.99209
9.31955
9.01159
9.04867
8.68235
8.99426
8.93746
9.06369
9.34494
9.12095
9.22447
9.33822
9.14143
9.02014
8.72764
9.19173
8.70931
8.95477
8.89872
8.93383
8.87185
9.27226
8.95773
9.59335
8.96438
9.0055
8.89854
9.1532
8.82337
9.1636
8.97251
8.91611
9.21802
8.65396
9.29889
8.92651
8.71623
8.98042
9.12305
8.84461
8.74233
8.85871
9.29205
9.14893
9.12802
9.44048
9.29154
9.59987
9.42797
9.55559
9.49882
9.39919
9.34751
9.27102
9.38201
9.57032
9.29118
9.47139
9.00176
8.99544
9.52307
9.16514
9.34251
9.56775
10.0405
9.24584
9.03892
9.30161
9.47267
9.58797
9.38399
9.4605
9.22923
9.22981
9.4724
9.25306
8.98368
9.36956
9.44519
9.12479
9.50022
9.39693
9.01466
9.24924
9.04385
9.53991
9.26996
9.1086
9.06017
9.27801
9.43402
9.32529
9.03832
9.42654
10.0045
9.16132
9.12037
9.09638
9.57952
9.19306
9.25941
9.35982
9.27868
8.73761
9.1672
9.27781
9.10153
9.54163
9.17015
9.17765
9.19001
9.00034
9.07262
9.13431
9.26208
9.12331
8.92772
8.97374
8.69724
9.65091
9.10697
9.17078
9.40805
9.35862
9.49749
9.24998
9.09386
8.93251
8.92529
9.10942
8.8992
8.98501
9.2178
9.13142
9.01071
9.44687
9.55278
8.59942
9.42765
9.20746
9.26294
9.5101
9.49659
9.30911
9.21927
9.11547
9.23698
9.21531
9.0716
9.18489
9.20089
9.38508
9.05247
9.04608
9.17982
8.97931
8.86812
8.99948
8.97355
9.1992
8.86951
9.35128
9.04125
8.99115
9.7209
8.84857
9.4392
8.89156
8.81637
9.12658
8.84545
8.96726
8.97921
8.84383
8.77408
8.95073
8.85735
9.1347
9.18327
9.15438
9.40599
9.25706
8.80397
9.03967
8.93082
9.28387
9.6906
9.01185
9.05472
9.06694
9.07655
9.07713
9.02601
8.8317
8.96257
8.98194
9.34216
9.14371
9.12246
8.96134
8.985
9.15062
8.89086
9.13253
8.88783
9.31629
8.42188
9.24403
9.28908
9.147
9.22373
9.57639
9.78822
9.10102
9.62774
9.35726
9.13701
9.34924
9.22173
9.45376
9.37009
9.089
9.3929
9.231
9.4046
9.46185
9.57181
9.3026
9.45158
9.11871
9.24235
9.84395
9.50673
9.49942
9.02031
9.27956
9.00835
9.30953
9.41194
9.73995
9.58578
9.58017
9.24473
9.26799
9.98466
9.49439
9.34803
9.43994
9.12495
9.14318
9.32402
9.0749
9.72173
9.14357
9.12172
9.23343
9.60346
9.42471
9.58588
9.38495
9.56292
9.28549
9.09664
9.21265
9.44742
9.09349
8.93901
9.18811
8.92963
9.17881
9.22041
8.90142
8.74685
9.35894
9.19968
9.14748
9.08691
9.17546
9.13665
9.22816
9.33867
8.98817
9.35551
9.22319
9.30515
9.10758
9.24027
8.75724
9.10449
8.80378
8.64469
9.50231
9.1612
9.20311
9.45972
9.43278
9.4651
9.32882
9.14598
9.02555
9.94654
9.5534
9.13187
8.90667
9.658
8.545
9.1681
9.25648
9.51465
8.69813
9.40837
8.97919
9.0746
9.12769
8.73957
9.57088
9.54472
9.28869
9.41786
8.73043
9.47381
9.1409
9.12936
8.6359
9.08617
9.3314
8.89059
8.97774
9.46308
9.51327
8.8662
9.05784
9.18241
9.27246
9.23584
9.13227
9.10515
9.01547
9.24291
8.76367
8.81366
9.46198
9.35971
9.54347
8.97184
9.26913
9.33559
9.33926
9.29845
8.99777
9.47125
9.43531
9.32024
9.3492
8.55564
9.44225
9.16099
8.77949
8.92473
9.83414
9.26022
9.16987
9.34224
8.91757
9.15039
9.43776
9.30159
9.52933
9.16271
8.95534
9.86947
9.1638
9.20909
8.97418
9.59314
9.42195
9.42978
8.9337
9.55532
9.38672
9.42229
9.10877
9.62347
9.47836
9.42772
9.55897
9.26321
9.12132
9.25037
9.58942
9.42105
9.5317
9.42248
9.14001
9.53285
9.40523
9.06338
9.13944
9.28067
9.23087
9.17754
9.34816
9.5154
9.25794
9.35515
9.30728
9.18421
9.11898
9.4197
9.53212
9.11716
9.12078
8.99372
9.34722
9.31085
9.6112
8.87365
8.66605
8.96761
9.08074
9.12967
9.17041
8.85735
8.75513
9.03439
9.02008
9.26439
8.90771
9.23745
8.96243
8.86533
9.11197
9.25743
9.37879
9.0226
9.54187
9.12635
9.31639
8.58371
8.79655
9.18021
9.50212
8.99719
9.58563
9.23597
9.16758
8.95152
9.29423
8.82812
8.90678
9.00032
9.00614
9.1414
9.08965
9.09746
8.7638
9.11516
8.98381
9.57602
9.08095
9.26873
8.59359
9.07201
9.34414
9.4121
9.5891
9.15631
9.43914
9.07331
9.1739
9.17415
8.83015
9.22182
9.14414
9.00654
8.75103
9.27872
8.97337
9.29393
9.01268
9.21226
9.19906
9.23916
9.71097
9.19457
9.28895
9.31939
9.1693
9.59084
9.04569
9.66865
10.0145
9.4602
9.18451
9.3745
9.18889
8.96296
9.31599
9.3782
9.41599
8.8697
9.26498
9.31921
8.98749
9.09315
9.02767
9.46184
9.25953
9.37053
9.21363
9.6933
9.44292
9.03348
9.19099
9.29603
8.68164
9.21999
9.20306
9.42431
9.2224
9.01077
9.34856
9.14647
9.47321
9.31001
9.13404
8.89985
9.17407
9.20149
8.85654
9.01907
8.86235
8.7981
9.01371
9.32504
9.03385
9.25094
9.39638
9.11116
9.0026
8.82153
9.22595
8.98555
9.15129
8.93774
9.02008
8.86337
8.88867
9.1981
9.13985
8.74187
8.79122
9.24107
9.61405
8.81895
9.18445
9.32765
9.06688
9.09137
8.89445
8.91622
8.80501
8.58527
9.20886
9.29311
9.26407
9.00781
9.20171
9.14595
9.25858
9.15761
9.34079
8.85297
9.21746
9.12002
9.16326
8.72379
8.61859
9.17803
8.82276
8.651
9.20539
9.42656
9.3825
9.00524
9.24667
9.18356
9.46267
9.0358
8.94198
8.96336
8.86773
8.95235
9.35326
8.89168
9.41098
8.79128
9.02562
9.55734
9.47353
9.433
9.34232
9.07184
8.96001
9.09709
9.053
9.37224
9.22072
9.18155
8.76317
9.31911
9.11151
9.12133
9.52867
9.81813
9.271
9.48771
9.11918
9.31331
9.39203
9.3038
9.26201
9.5535
9.16884
8.82163
8.98044
9.56029
9.11797
9.47768
9.53454
9.51043
9.43712
9.11631
9.53278
9.46517
9.18787
9.37866
9.17262
9.14651
9.15273
9.45271
9.35273
9.0523
9.29619
9.2131
9.34423
9.51922
8.77135
9.27873
9.33112
9.23528
9.33566
9.06908
9.16445
9.18421
8.98763
8.95777
9.22877
9.44652
9.05083
8.98735
9.14426
9.69449
9.38473
9.11852
8.74544
8.86246
8.91869
9.12089
8.68294
8.93491
9.54518
8.7833
9.20268
9.51943
9.18246
9.1679
8.92426
9.00025
9.34238
9.2238
9.08726
9.03863
9.04722
9.01044
8.97212
8.97311
8.95433
9.40366
9.43076
9.01079
9.19003
8.8657
9.1945
9.0546
9.19188
9.35913
9.31316
9.07265
9.76795
9.11699
9.21089
8.88678
9.24175
9.4069
9.61482
8.88488
8.97856
8.86428
9.14008
8.95731
9.07384
8.99288
9.15402
9.31922
9.38789
9.40468
9.30969
9.39605
9.1773
9.12764
9.5422
8.83197
9.37394
9.05575
9.10681
8.98058
9.55725
8.80385
8.91836
9.24194
9.64249
8.96391
9.10356
9.25016
9.17579
9.17792
8.82792
8.84519
9.2312
8.66883
8.71516
9.22883
9.13417
8.8362
8.89245
8.96685
9.15091
9.33224
8.9722
8.99712
9.25389
8.83715
8.53066
8.96742
8.54227
9.24986
8.83493
9.02317
9.00907
9.02999
9.14585
8.70816
9.015
8.89288
9.45707
9.21643
9.22352
8.62689
8.99318
8.4602
8.93776
8.96994
9.06716
9.22373
8.99526
9.21667
8.84118
8.85094
9.12613
9.306
9.07039
8.5573
9.36934
9.26597
8.89517
9.1886
8.81077
9.06971
9.27564
9.00808
9.20408
8.74593
9.115
8.56757
8.83019
9.32917
9.3858
9.23556
9.17895
9.47632
9.10571
9.31366
9.15144
9.18534
8.76935
9.30355
9.38066
9.34841
8.94854
9.12771
8.95365
8.84922
9.26777
9.22855
8.94832
9.25594
8.9448
9.31253
9.29773
8.76304
9.16532
8.97688
8.87186
9.49845
9.3087
9.24168
8.94742
9.2618
9.05099
9.22399
9.07143
9.44026
8.91672
9.30878
8.86955
9.0543
9.58477
9.20377
9.56521
8.92414
9.10892
9.04288
9.28505
9.28353
8.91667
9.5092
9.19824
9.02758
8.8257
8.48959
9.01215
9.21607
9.35779
9.46311
9.22731
9.28079
9.00048
9.37394
9.19675
9.10161
8.86802
8.9912
9.33056
8.87056
9.10061
9.00669
9.08866
9.60658
9.03787
8.87345
8.93987
9.1379
8.70547
8.87642
9.03346
9.28717
8.91753
9.14784
9.18594
9.07957
9.19931
9.17942
9.04825
9.03378
9.09712
9.3493
9.27769
9.11466
9.21921
8.99058
8.7483
8.92731
9.46239
9.12293
9.10339
9.08006
9.2557
9.17903
8.87956
8.99171
9.30386
9.30447
9.15286
9.05186
8.91913
9.15074
9.00304
9.30629
8.94244
9.3911
9.05955
9.18611
9.11926
9.23629
9.30912
9.37414
9.30005
9.21708
9.28014
9.33139
8.9908
8.73656
9.2714
9.27748
9.158
9.16535
8.788
8.53878
8.90758
9.0506
9.29073
8.98792
9.1524
8.9804
9.42802
9.09247
8.74041
9.06821
9.29449
9.08686
8.91805
9.13221
9.39662
9.04862
9.19307
9.192
9.02281
8.92366
9.23774
8.95235
9.20048
9.03314
9.58477
9.35441
8.99925
8.97258
9.02864
8.66555
9.06634
9.56075
9.19641
9.00195
9.11503
9.03953
9.00969
8.88051
9.12204
9.47722
8.87036
9.21386
8.70222
9.41852
9.31749
9.26835
8.93629
9.18089
9.19126
9.12724
9.27109
9.23696
9.37808
9.24585
9.26043
9.14101
9.23698
9.50544
9.52679
9.27499
9.49961
9.59167
9.55006
9.51525
9.25001
9.43311
9.05249
9.60241
9.22056
9.19195
9.31706
8.98941
8.9734
9.0651
9.32579
9.15384
8.82101
9.58445
8.96088
9.35119
9.47776
9.61954
8.61904
8.7295
9.0448
9.03073
8.93287
9.59691
9.35664
8.78372
8.87812
8.76914
9.22651
9.2055
9.36994
9.35324
9.44969
9.09184
9.0643
9.16994
9.18269
8.83625
8.7594
9.16868
9.15401
8.89255
8.89003
8.94464
8.89098
8.88501
9.22795
8.91759
9.53922
8.68173
9.72113
9.54796
9.14148
9.14991
9.14058
9.34376
8.89379
9.13002
9.28314
9.1726
8.91157
8.71017
9.09085
9.30189
9.11332
9.6502
9.01464
8.9581
9.20231
9.08284
9.15118
9.1997
9.40424
9.18073
9.2451
9.40246
8.94679
9.20722
9.16606
8.80586
9.15079
8.73689
9.02979
9.11272
9.38142
8.97869
9.48466
9.30293
9.02146
8.85701
9.16919
9.09036
9.21066
8.98993
8.54784
9.17755
9.46503
9.16123
8.68616
9.12935
9.10824
9.47269
9.05884
9.46586
9.16207
8.75075
8.95351
9.51322
8.76929
8.85829
9.04126
8.90041
9.23736
9.499
9.27396
9.488
8.88941
9.28654
9.238
9.40048
8.97974
9.49379
9.46994
9.26404
8.62651
9.09032
9.45056
9.28725
9.268
9.46145
9.67022
9.47592
9.12805
9.56751
9.0261
9.21934
9.24524
9.27066
9.23894
9.30968
8.89913
9.09984
9.39478
8.75426
8.91337
9.41466
9.04007
9.78298
9.16287
9.08089
9.05949
9.28394
9.28435
9.29086
9.08158
9.20554
9.04835
9.35965
9.22795
9.62687
9.77401
9.31591
9.1629
9.49604
9.51204
9.43061
9.25852
8.56056
9.80938
9.07036
9.26043
8.8626
8.96404
9.15068
9.06385
9.28328
9.30441
9.00864
9.07773
8.88859
9.49753
9.47165
9.4273
8.93764
8.73603
9.18653
8.87176
9.07344
9.01582
9.35063
9.1679
9.25771
9.60621
8.83837
8.96166
8.82586
9.06151
8.82354
9.55039
9.24038
8.82246
8.93991
9.08996
8.57804
8.92273
9.25601
9.32319
9.20772
9.22064
9.13824
9.32702
9.01849
9.09489
9.2132
9.08363
8.90649
8.99234
9.3338
9.48105
8.86927
9.06513
9.50019
9.41699
9.28465
9.04886
9.15202
9.07762
9.39628
9.11436
9.09232
9.00053
8.88425
9.01603
9.318
9.18578
9.46547
9.22025
9.0275
9.28676
9.32066
9.46076
9.25229
9.06368
8.9593
9.34355
9.01745
9.29701
9.1028
9.14605
9.26097
8.91329
8.88131
9.32408
8.80716
9.11474
9.28261
9.4227
8.66647
9.01596
9.31174
8.72093
8.95699
8.96185
9.36543
8.91736
9.00727
8.95154
9.3155
8.94132
9.20242
9.31004
9.38632
9.06344
9.37426
8.93479
9.0481
9.32037
8.96731
9.39377
9.03682
8.90334
8.9781
9.26222
9.15711
8.85025
8.94031
9.05006
8.8527
8.97239
8.99913
9.08805
8.65451
9.09051
9.16843
9.00381
8.99186
9.12505
8.74549
9.20258
9.14631
8.86817
9.1184
9.18708
8.76557
9.01386
8.84053
8.63808
8.94862
9.32194
9.29594
9.16351
8.85678
9.15749
8.47045
8.60538
8.8018
9.11644
9.11805
8.79317
8.76826
8.88275
8.99585
8.92631
8.65761
9.6411
8.62365
8.807
9.06912
9.11771
9.23406
8.99319
9.35409
9.22524
8.99878
9.17748
8.9968
8.74664
9.15265
9.20098
9.01778
9.00706
9.08565
9.06724
9.17094
8.34
8.93399
9.41534
9.16777
9.23215
9.02748
9.25871
9.2499
9.44591
9.15739
9.07296
9.46676
9.17209
9.16971
9.10403
9.00255
8.53486
9.57158
9.26953
9.0452
9.18993
8.97996
9.38858
9.03357
8.93684
9.22657
8.77497
8.93387
9.36501
9.5302
9.22405
9.23655
9.28293
9.30197
9.24133
9.27222
9.69943
9.58695
9.32624
9.68505
9.39199
9.61184
9.59106
9.30917
9.64901
9.60622
9.53347
9.15593
9.46325
9.46617
9.28239
9.15505
9.78026
9.16582
9.26374
9.19011
9.41961
9.31428
9.4554
9.61339
9.13676
9.37649
9.33907
8.65224
9.1189
9.23848
9.29455
9.14062
9.12133
8.9128
9.29122
9.42796
9.39707
9.48723
9.42922
9.77212
9.53498
9.32354
9.1871
9.20986
9.26125
9.26897
9.22558
9.36507
9.02863
9.07402
9.30113
9.93659
9.15564
9.37321
9.28242
9.07608
9.3279
9.34195
9.47711
9.10843
9.64527
8.94748
9.11565
9.23256
9.18943
9.28141
8.82368
9.09329
9.17017
8.94425
9.20843
9.35211
9.36998
9.50075
9.26083
8.93925
9.2699
9.40802
9.0808
8.82291
9.03211
9.40642
9.52451
8.85403
9.30309
8.99015
9.29541
9.07855
8.7933
8.75091
9.00549
8.94184
9.37756
9.07587
9.71245
9.34659
8.94433
9.21317
8.90675
9.01376
9.07013
9.25883
9.01411
9.04729
9.42558
9.14
8.79638
8.95031
9.00846
9.16543
9.07868
8.57228
9.24809
9.50132
9.24454
9.25141
8.95143
9.19536
9.11387
8.94024
8.908
9.1192
9.10017
8.94254
9.08265
9.15661
8.99146
8.78778
9.02613
9.08783
9.16292
8.96649
9.20793
9.07789
9.28044
8.93343
9.1167
9.10323
8.84753
9.02581
9.0139
9.41352
8.43441
9.21145
8.9427
9.24217
9.0568
8.87708
9.35983
9.20085
9.10787
9.31355
9.16523
8.65367
9.20599
9.24292
9.58871
9.28706
9.01268
8.93316
8.92253
9.40868
9.33809
9.34613
9.42897
9.59361
9.89087
9.43837
9.09054
9.3427
9.28788
9.19569
9.72208
9.08124
9.42145
8.99048
9.18929
9.3801
9.12904
9.31274
9.44945
9.24031
9.58592
9.40931
8.72383
9.12074
8.69927
9.63165
9.04679
9.39877
9.12702
9.15727
8.87513
8.949
8.51772
9.2861
8.92583
9.44203
8.4356
9.03784
9.28353
9.3443
9.17734
8.78371
8.67564
9.2111
8.98931
8.84501
9.04001
9.04264
9.04406
8.92364
9.28161
9.11536
8.90737
9.16274
9.45222
8.92777
9.23028
8.78331
9.43518
9.2239
9.66502
8.86165
9.1704
9.24658
9.06873
9.02643
8.9998
9.26071
8.95439
9.02449
8.73499
8.83955
8.70621
8.97195
8.62985
9.06148
8.98024
9.19981
9.53523
9.16457
9.01218
8.98273
9.16566
9.3669
9.26167
9.09907
9.25047
9.03705
9.54055
9.46685
9.81569
9.31117
8.89325
8.94816
9.0451
8.99779
8.9163
9.48532
9.3133
9.14984
9.10547
8.7564
9.41504
8.97352
9.10268
9.30206
