3.60117
4.11716
4.05996
4.02906
3.70407
4.15054
4.30134
3.89263
3.85974
4.38934
4.00834
3.88309
4.09143
3.97675
4.39693
4.23504
4.1716
3.99872
3.7505
4.1135
4.21336
4.32813
4.54151
3.87956
3.8388
3.88255
4.05981
4.26836
3.77672
4.1273
4.01221
4.35432
4.23807
3.83698
3.65779
4.02879
4.16049
3.84137
4.35887
4.02932
4.3302
4.20481
3.90203
4.09981
3.93029
3.95104
3.93768
4.01469
3.90044
3.96972
3.82913
4.38474
4.39288
4.04842
4.36804
4.12146
4.00608
4.08066
3.84011
3.89723
4.03958
4.16407
3.87204
3.97203
4.0428
3.84534
3.99827
4.23889
3.71912
3.67646
4.1069
3.88671
3.83824
4.06365
3.62277
3.85016
4.05989
4.22147
3.97714
4.0768
3.76626
3.77914
4.21016
3.70137
3.84677
3.68761
4.13208
3.74569
4.10569
4.19755
4.03325
3.88321
4.11493
4.03188
3.9997
3.78135
3.54581
3.76024
4.68803
4.2723
3.94277
3.79336
3.87243
4.07849
4.14305
4.10992
4.23951
4.28845
4.03809
3.8044
4.03762
4.33423
4.07382
3.62639
4.01285
4.21549
4.26567
3.86003
3.8925
4.09596
4.27591
3.7763
4.06427
3.65522
4.11299
4.41422
4.08551
3.85869
3.91268
4.33659
4.1635
3.7758
3.87334
3.88448
4.49807
4.06022
4.22912
4.49918
4.20656
4.10928
4.1234
4.08434
4.06452
4.14989
4.0818
3.93864
3.97612
3.80928
3.82897
3.87658
4.17824
4.33339
3.6539
3.83675
4.21729
3.99027
4.07599
4.12212
4.38847
4.43263
4.2243
3.98901
3.98717
4.27332
4.11266
4.18198
4.19235
3.75712
4.21523
3.66707
3.73501
4.37363
3.88461
4.32654
3.76241
3.98218
4.18912
4.07201
3.64649
4.26005
4.02205
3.88827
4.25877
4.02682
4.106
3.68433
4.36991
4.25492
3.84388
4.01433
4.03751
4.03592
4.3185
3.79445
3.6589
4.03036
4.3714
4.11036
4.33095
4.08077
4.18172
4.28082
3.81655
4.17757
4.21988
4.63083
4.13868
4.35873
4.55622
3.75894
4.28609
4.34243
3.58967
3.90305
4.02006
4.18194
4.03806
3.99032
4.05449
4.09426
3.89333
3.72879
4.11723
4.1238
4.30823
3.92384
4.22813
4.27975
4.22976
4.33904
3.97793
4.12492
3.7294
3.70023
4.16679
4.02975
4.45842
4.42292
3.74015
3.67606
4.18743
4.22332
4.47658
4.32668
3.99773
3.96501
3.9078
4.37704
3.96815
4.18941
4.08231
4.15475
4.4672
4.06441
3.89335
3.85801
4.06601
4.35997
4.40332
4.16342
4.1551
3.77566
4.18279
4.10047
4.12084
4.20172
4.13682
3.93124
4.27707
4.12444
3.78825
3.8579
4.00904
4.21291
4.04352
3.89027
3.84957
4.02407
3.90916
3.96504
4.27062
4.13531
3.86824
4.34812
4.48774
4.10699
4.01899
4.26589
4.1944
3.92068
4.35069
4.2237
4.04761
4.62809
4.20984
3.91084
4.0493
4.04433
4.23851
4.02138
4.04877
3.93636
3.79071
4.04005
4.35623
4.08509
4.10179
3.96835
3.95602
4.04468
4.16718
4.0301
4.09449
4.39757
3.91548
3.78978
3.76318
3.53777
4.22328
3.99614
3.91656
4.2397
3.78847
4.05956
3.5975
4.14736
3.85625
4.27684
3.82072
4.00069
4.01077
4.09427
4.05958
4.02546
3.65172
4.18404
3.80413
4.09033
3.92987
3.68603
3.65012
4.14283
3.65082
4.17617
3.86295
4.16029
3.93036
4.16493
4.17908
4.16368
4.20456
3.62719
3.90067
3.8938
4.06465
4.24192
4.11943
4.05825
3.46816
4.26237
3.84828
4.197
4.16284
3.76622
4.01507
4.03525
4.05873
4.07253
3.88736
4.2859
4.10381
3.70482
4.23791
3.86634
3.78039
4.09671
3.8036
3.95915
3.90474
3.82876
3.95033
3.78548
3.97428
4.35118
3.92657
4.17393
3.86984
3.81751
4.13151
4.2334
3.78557
4.13159
3.98003
3.73257
4.05688
3.53602
4.01125
4.03751
3.88382
4.32468
3.96047
4.5116
3.85169
3.99914
4.06145
4.26722
3.3231
3.63012
3.88705
4.19276
4.01594
4.07064
4.20639
3.92754
3.98564
4.02972
4.04427
3.82573
4.34582
3.85052
4.24879
4.04709
4.31499
4.27251
4.1571
4.44648
4.28391
4.3109
3.87096
3.9963
3.99221
4.37715
3.45782
3.33836
4.06475
4.03771
4.02593
3.6574
3.78358
4.30806
3.95933
3.77866
3.99855
3.80429
4.15023
3.97226
4.42596
3.89067
3.7883
4.30392
4.00358
4.06038
3.76739
4.06656
3.56131
4.43432
3.62337
3.85915
4.14427
3.62264
3.7329
4.10738
4.14686
3.97807
3.80133
4.37825
3.77718
4.42128
3.87448
3.84581
3.97528
4.00044
3.97056
3.61316
4.3224
4.51019
3.85673
3.8839
4.04743
4.28813
4.11392
4.00517
4.09212
3.89783
4.76332
4.37008
3.81164
4.13624
3.53381
3.74041
4.09157
3.76272
3.70477
4.09172
4.21456
4.41198
3.72625
4.09487
3.78653
4.14602
3.96905
3.96404
4.36669
4.10571
3.98885
4.0155
3.65581
3.91423
4.24516
4.12554
3.71474
4.18761
4.22128
3.68041
3.81789
4.09122
4.07488
4.01219
4.32466
4.1934
4.09591
4.44878
3.97686
3.74041
4.07245
4.04474
4.38458
3.8066
3.97697
4.18499
4.28314
3.89559
4.14548
3.98477
3.99075
3.8484
4.38038
4.00057
3.97333
4.03734
4.06707
4.45222
4.22325
3.99761
4.23465
3.94493
4.26753
4.06754
3.81701
4.2042
4.35954
3.94376
4.18914
4.12294
3.75057
4.37821
3.98112
3.81045
3.9951
4.31147
3.83675
4.00097
4.09013
3.79469
4.35362
3.96959
3.69098
3.9911
4.0259
4.13051
4.06986
4.24119
3.88722
3.75076
3.9298
3.8395
3.93067
3.89297
4.50682
4.13755
3.98376
3.99473
3.66168
4.36171
4.25135
4.23064
4.45526
4.34402
4.0212
4.48388
4.01519
4.4886
4.14013
3.92186
4.25652
3.9813
4.00209
4.1865
4.07226
3.97424
4.01597
4.20187
4.48029
4.32348
3.86196
4.40503
4.15967
4.34424
4.44593
4.66622
4.23659
3.98045
4.15403
3.77875
4.60237
4.04415
4.00152
4.0391
3.85919
4.54863
4.05641
3.8016
3.8016
3.85688
3.86341
4.14062
4.10503
4.26027
4.14016
3.96912
3.67558
3.51844
4.28856
4.02852
4.16835
4.35332
4.02767
4.19242
4.24106
4.01155
4.18225
4.24969
4.01916
4.13493
4.41599
4.27194
4.37025
3.98957
4.04022
4.31041
3.94615
4.17539
4.00231
4.22803
4.34372
3.99942
3.72773
3.52899
4.21697
4.17267
3.77761
4.45527
4.13128
4.27316
3.84819
4.31477
4.1416
4.16552
4.21672
3.87887
4.04278
4.21506
4.07896
3.81987
3.57854
4.14663
3.77806
4.15811
3.75034
4.20618
4.06705
3.89805
4.01611
4.05678
3.90373
3.52892
3.96551
4.27121
3.97417
3.68451
3.58928
4.03762
4.11339
4.17212
4.27189
3.75154
3.61966
3.87446
3.52838
4.05075
3.79187
3.78677
3.92793
3.80806
4.14915
3.77161
3.62814
3.80887
3.65633
4.21068
3.97737
3.23998
3.95749
4.03261
3.90254
3.93284
3.90778
4.0063
4.14594
3.85129
3.85226
4.20848
3.61662
3.91101
4.20145
3.81941
3.62976
3.66854
3.882
3.97975
4.07641
3.93473
3.82155
3.98221
4.51686
3.96219
3.88701
3.94378
4.03748
3.88749
3.74628
3.58525
3.84229
3.73826
3.90198
3.97829
4.01665
3.63863
3.96135
3.69662
4.11884
4.21543
4.04921
3.88531
4.16271
3.80243
4.05547
3.81722
4.02163
3.74322
3.79494
4.04082
4.05236
4.05786
4.05825
4.14027
4.28699
3.84261
4.1288
4.02908
4.27541
4.3838
3.93437
3.93229
3.98326
4.01961
4.14601
4.33068
4.04718
4.01459
4.32436
3.81125
4.19307
3.50593
4.27243
4.06241
3.88305
3.91519
3.8214
4.26516
4.27359
4.12046
3.99803
3.93445
4.23754
4.48682
3.73387
4.13254
4.01564
3.66016
3.99725
3.96275
4.17624
3.86281
4.13344
3.83999
4.23392
4.07404
4.20376
3.8166
3.95784
3.89787
4.06032
3.64018
4.0166
4.16546
4.12823
3.7874
4.07665
4.18811
4.42698
3.69999
4.07985
4.09881
3.9432
3.84643
4.26436
3.88666
3.84686
3.58821
3.79691
4.15814
4.16619
4.2837
3.8218
3.73954
4.04232
4.02159
4.10149
3.80807
3.76347
4.01236
4.26786
3.69179
4.33652
4.34578
4.08724
4.3326
3.58129
4.4196
4.02806
4.43747
4.08324
3.96139
4.34802
3.17753
4.32292
3.56183
4.12249
4.33731
4.41191
4.50527
3.83929
3.87136
3.98142
4.12508
3.75106
4.04766
4.39724
4.27585
3.95699
4.11827
3.76842
4.46855
3.96734
4.52352
4.15431
3.74879
4.33609
3.70282
4.01249
4.0889
4.15884
4.08162
4.33812
3.76399
4.54582
4.32468
3.98591
4.27798
4.11939
3.99038
4.23128
3.75009
4.18469
3.90534
3.99737
4.18904
3.97864
4.49058
4.22343
3.69732
3.75119
3.99949
3.72946
4.17092
3.66989
4.04819
4.15561
3.72072
4.3651
4.15237
4.40029
4.14456
3.94254
4.43406
4.01462
4.09494
3.90651
4.02472
3.58135
4.18605
4.28061
4.10101
3.90885
3.8868
4.09468
4.15935
4.01059
3.80357
3.79358
3.97702
4.03368
4.05622
4.01771
4.22198
3.81615
3.92692
4.35307
4.05557
4.28106
3.61523
4.23372
3.71179
4.41936
4.30316
3.66569
4.20789
4.30686
3.99379
4.43457
3.70023
3.69553
3.89787
3.8543
3.58853
3.94642
3.99943
3.72821
3.73602
3.79547
3.6762
4.24337
3.9827
4.1804
4.16655
3.77288
4.0154
3.92505
4.20982
4.12204
4.25235
4.09758
3.79551
3.98911
4.0036
4.25274
3.96873
3.91573
4.26447
3.80778
3.77992
3.91314
4.15704
3.9744
3.8362
3.66468
3.6185
4.19777
3.93065
3.70379
3.76102
3.75317
3.98389
4.06747
3.71234
4.08174
4.01557
3.74456
3.9778
3.88527
4.1386
3.87326
3.98595
4.47714
4.05026
4.08389
4.21107
3.88659
3.67143
3.95997
3.88959
3.88867
4.13165
3.85909
4.30345
4.01125
3.72017
4.05147
3.79769
4.20064
4.14807
4.23745
4.11629
4.0121
3.66379
4.06728
4.38542
3.66559
4.39277
3.79688
4.25065
3.74278
4.26534
4.16768
4.05817
4.40125
4.59511
4.10861
4.02286
4.55813
4.14539
3.91325
4.56253
4.47286
4.37458
4.0597
4.4689
4.21019
3.99773
4.33508
4.01764
4.65901
4.23184
4.28091
4.2787
3.98922
4.30282
4.35719
4.12335
4.07472
4.25916
4.03087
4.25788
4.64583
3.87237
4.13641
4.58479
4.31221
4.08158
4.14359
4.23157
4.25627
4.29193
3.91315
4.13525
4.24881
3.96767
3.64274
4.11729
4.37942
3.95687
4.25936
4.04238
4.32375
4.24964
3.87904
4.39103
4.73766
4.29153
4.23485
4.22491
4.07451
4.18401
3.99969
3.94844
4.18426
4.15256
4.55634
3.78726
4.22948
4.09651
3.9176
4.00582
4.64092
4.3214
4.29813
4.46461
4.06166
4.4314
4.49339
3.90675
4.42806
4.3037
4.34171
4.36422
4.68875
4.44469
4.08437
3.37564
4.56277
4.57214
3.90466
4.30225
4.11703
3.98558
3.90968
4.07964
3.76987
4.00738
3.79893
4.19493
4.25441
4.07531
3.66318
3.93346
3.92227
4.0025
4.2189
4.09469
3.93582
4.08264
4.12711
4.07507
4.12802
4.09277
4.41532
4.25618
4.18754
3.89208
4.42103
3.94652
3.89289
3.86136
4.23479
4.09486
3.81742
3.71624
4.09058
4.08824
3.84977
3.89682
4.02588
4.24151
3.86099
3.79789
4.35493
3.56651
3.75057
4.10695
3.84795
4.2696
4.02965
4.09344
3.86813
4.17354
3.8988
3.88549
3.96868
3.79892
4.16461
3.93649
3.717
3.92299
3.85712
3.93692
4.1952
4.06862
3.98866
4.41896
4.17031
3.85638
3.61073
3.95876
3.99627
4.03017
4.03929
4.02768
3.86626
3.83018
3.86727
3.7685
3.77888
3.71062
4.40418
3.93505
4.03659
3.66058
4.30334
4.12649
4.51924
3.30078
3.5547
4.33078
3.88172
4.3557
4.15637
3.74876
4.19297
4.11518
4.30365
4.10079
4.07273
3.81691
4.04864
4.51767
4.00905
4.15914
4.38253
4.16022
4.01505
4.33644
4.4338
4.51238
4.39387
4.33961
3.99588
4.50014
3.71681
3.9148
3.81029
4.21004
4.14459
3.77089
4.29741
4.30225
4.17003
4.07746
4.3311
4.19755
3.85219
3.94517
4.33337
4.02592
4.17026
4.19825
4.04212
4.43233
4.12087
4.12531
4.51148
4.08715
4.14951
4.22451
3.94335
3.97971
4.4044
4.15576
4.11641
4.10167
3.87212
4.31955
3.97736
4.01699
4.15778
4.2376
4.07861
4.30143
4.14305
3.92799
4.10635
4.24951
4.29904
4.31345
4.15991
4.11236
4.27499
4.16244
4.16904
3.95135
4.42959
4.19935
3.79895
3.72467
4.20812
4.6778
4.54714
3.95509
4.21681
4.28811
4.2725
3.92294
4.23994
4.5865
4.117
4.16878
3.85306
3.93791
4.05083
4.63294
4.59219
3.9649
3.9801
4.249
4.08185
3.74459
3.79081
3.79935
4.14236
4.48088
4.556
4.00527
4.58957
4.19933
4.33238
4.2341
3.84139
4.35491
4.29666
4.4596
4.17881
4.47721
4.11676
4.07408
4.19268
4.11695
4.14373
4.55338
4.28735
4.02082
4.29222
4.40289
4.25182
4.23667
3.77985
4.50896
4.3244
4.57029
4.35553
4.20048
3.89901
4.35914
4.03719
3.98465
4.31021
4.22916
4.30067
3.91147
4.17989
4.22547
3.73755
4.00057
4.26911
4.6205
4.15788
4.09972
4.05701
4.59977
3.87894
4.01382
4.44794
4.26187
4.44821
4.10562
4.32658
4.47145
3.96966
3.80198
4.2107
4.23142
4.31587
4.1614
4.22962
3.936
4.39628
4.01362
3.78391
3.98264
3.82203
4.34383
3.81277
4.05624
4.2212
4.47262
4.13575
4.13258
4.55505
4.28013
4.33699
4.46787
4.29597
4.06955
4.21835
3.91196
4.71829
4.33131
4.43464
4.28798
3.93824
4.7483
4.42413
4.09637
3.9874
4.40889
4.29467
4.24011
3.93039
4.22869
4.41761
4.17341
4.22624
4.67681
4.1605
4.37708
3.93127
4.19678
4.72514
4.43473
5.02649
4.05268
4.45861
3.97145
4.12584
4.32912
4.53282
4.14236
4.01456
4.38617
4.01295
4.46513
4.18148
3.83912
4.40885
4.45993
4.5921
4.22689
4.51774
4.0944
4.28006
4.48484
4.65596
4.31138
4.13677
4.49902
4.1652
4.05632
3.84099
4.29049
4.11861
4.50354
4.75974
4.10314
4.44846
4.38267
4.29202
4.55461
4.02
4.02715
4.38915
4.24616
4.22672
3.77896
4.21742
3.9914
4.49086
3.88592
4.25979
4.65737
4.02316
4.34229
4.36957
4.15747
3.99868
4.24535
4.55276
4.1916
4.03943
4.32886
3.82545
4.24409
3.82158
4.03519
4.05584
4.25046
4.06955
4.11945
4.37707
4.06039
3.63137
3.95982
4.48252
4.42359
3.48312
4.18639
4.08586
4.24323
3.96022
4.52406
4.2068
4.16769
4.33181
3.98374
4.3371
4.19666
3.72176
4.18572
4.02204
3.99428
4.32654
4.23136
3.98312
4.21038
3.87856
4.30062
3.98614
4.07227
3.97731
4.25884
4.22048
4.10069
4.03485
4.29083
4.31999
4.24552
4.17046
4.36015
4.36038
3.68265
4.10476
3.97539
4.25776
4.29994
4.21875
4.13282
3.88121
3.9472
3.93005
4.01223
3.60377
4.03777
3.88263
3.96658
4.39618
4.36106
3.98174
4.07268
3.74932
4.06043
4.06555
4.30144
3.90559
3.80653
4.24194
4.11138
4.15161
4.19744
3.98951
3.92398
4.34012
4.31731
4.26232
4.43861
4.14082
3.88612
4.2111
3.92402
4.20174
3.88932
4.13934
4.05824
4.22704
4.13111
4.00783
4.19084
4.0445
3.84161
4.12919
3.95
4.17799
4.24589
3.9182
4.53059
4.44815
4.03139
4.14056
3.9414
4.13097
3.60037
3.95817
3.96385
4.36366
4.14207
4.45108
4.13726
3.65358
4.22809
3.83602
3.75006
3.74206
4.07048
4.24564
4.07466
4.31265
4.00886
4.10589
4.07591
4.20171
4.34889
4.09266
4.17758
4.41098
3.98999
4.10695
3.88178
4.32453
3.85868
4.2071
4.03307
4.09616
4.14602
4.08006
3.65223
4.16243
4.06832
3.9541
3.86645
3.60304
3.77626
4.11104
3.99766
4.28034
4.05476
3.9477
4.40974
4.18697
4.23843
3.67513
3.97427
3.56592
3.89512
3.94302
4.02681
4.34173
4.54161
3.99964
3.71067
4.00414
4.21147
4.19046
3.9116
4.22351
3.86435
4.02128
4.21717
3.74257
4.17011
3.91979
3.56139
4.08695
4.23368
3.87245
3.51818
4.14093
3.97769
3.70604
4.12312
3.67627
4.21017
3.56983
4.03538
4.34387
4.0972
4.16619
4.02505
3.95747
3.66059
3.59255
3.9985
3.98855
4.22294
4.00189
4.08329
4.24751
3.77978
3.99981
3.88393
4.07512
4.37166
3.97749
4.33875
4.42577
3.58586
4.12376
4.32715
4.05334
3.93496
4.33834
4.15311
4.15346
4.53259
3.83347
4.41093
4.06703
4.39883
3.91188
3.92137
3.89849
3.45099
4.23599
3.69928
4.3339
3.87873
4.15879
4.56748
3.85192
4.15011
4.5605
4.54777
3.60297
4.22745
3.88818
4.51214
4.09232
4.03152
3.6342
4.00637
4.12809
4.13137
4.15732
4.09501
4.09084
3.66698
3.78125
4.18115
4.25039
4.21821
3.93807
3.90237
4.04939
4.12973
3.63436
3.84462
4.46553
4.26506
4.39908
4.07744
4.19183
4.2988
3.76079
3.74157
4.06085
4.31597
4.09011
3.97219
3.7417
4.09354
4.34129
4.20639
4.28354
3.72161
4.46931
4.07034
3.6522
4.29973
3.9785
4.38346
4.28736
4.18294
4.07649
4.08467
4.37346
4.08278
4.04489
4.16464
3.97432
4.35133
3.77737
3.98403
3.90692
4.39112
4.30002
4.03102
4.28415
3.93232
4.20341
3.58821
3.80814
4.28152
4.05311
3.80899
3.98143
3.69848
4.02636
3.98047
4.16835
4.17376
4.00775
3.87762
3.58989
4.21411
4.02258
4.14712
3.7744
3.76874
4.17533
3.55264
4.14262
4.14831
3.98051
3.96768
3.94148
3.99657
4.03159
4.27463
3.58542
3.7992
3.59097
3.95575
3.90122
4.00484
3.76552
3.93833
4.38501
3.92471
4.10311
4.10412
4.21286
3.86199
3.68214
4.1255
4.20339
3.99715
3.86292
3.88633
3.98908
4.16678
4.18459
3.79568
3.7747
4.10149
3.87437
4.04443
3.65964
3.82341
4.21299
4.00156
4.4402
4.19981
3.83333
4.31229
3.73293
4.17382
4.02293
4.29594
4.01424
3.54115
3.64576
4.26002
4.10191
3.77702
3.73039
4.14349
3.6996
3.90649
3.96331
4.20145
4.0494
4.32526
3.69598
3.98821
4.11681
4.11687
4.2501
3.72093
4.01474
4.11501
4.20244
4.027
4.21166
4.08715
3.9471
4.38008
3.89528
4.31181
3.76294
3.63194
4.02494
4.11409
3.77008
3.84282
3.81215
3.78981
4.07694
4.20021
3.80691
3.74555
3.69768
4.01861
4.11458
4.06699
4.04984
4.04262
4.06293
3.84672
3.71859
3.83353
4.10373
4.39092
3.8742
3.75953
4.18674
4.0982
3.86087
3.97471
3.94529
4.01024
3.9123
4.1047
4.07875
4.26307
3.44704
3.72297
3.77279
3.98039
4.08023
3.90009
4.39756
4.25159
3.62528
4.31952
4.0686
4.228
4.17272
3.92655
4.11333
4.13213
4.43186
4.07332
4.36083
4.26628
3.43662
4.06529
4.14773
3.73386
4.22704
3.98058
4.48791
4.18485
4.19622
4.02885
4.13125
4.25539
3.99978
3.90075
4.21376
4.33166
4.06156
3.86683
3.98306
4.16156
4.28001
3.99082
3.89485
4.21806
4.43013
4.0105
3.97231
4.11102
4.29795
3.98919
4.3274
4.27473
3.89969
4.13623
4.00659
4.04789
4.09732
3.88338
4.20235
4.37576
4.51158
3.94771
4.16915
3.9583
4.52246
4.03344
3.92067
4.1615
3.81522
3.76624
4.06024
3.83118
4.05094
4.31941
4.30777
3.85813
4.24153
4.15203
4.14291
4.14168
4.14116
3.89984
3.64056
3.9007
4.30576
3.56108
3.61822
4.03801
3.85248
3.88399
4.36869
3.7973
4.18545
4.21419
4.16007
4.23059
4.28837
4.2307
4.16479
4.21128
4.30417
4.09399
4.50835
4.47913
3.99374
4.31563
4.38637
4.27519
4.38093
4.12481
4.54402
4.03851
4.64208
4.10494
4.51945
4.11082
4.34133
4.13452
4.02832
4.42328
4.22964
4.0856
4.14769
4.1879
4.33281
4.64195
4.14789
4.44019
4.2906
4.21637
4.30452
4.08079
4.49725
4.16081
4.37511
4.60137
4.32274
4.1938
4.24015
4.07873
4.32272
4.24139
3.93285
4.52822
4.08568
3.91178
4.3312
4.11291
4.0405
4.35897
4.15623
4.40415
4.60632
4.06061
4.16271
4.12692
4.4157
4.37706
4.37417
4.29844
4.0437
4.35241
4.54632
4.40746
4.29987
4.18458
4.73415
4.13247
4.03015
4.22683
4.28251
3.58858
4.12043
3.9492
4.23934
4.02887
4.03235
4.16137
4.01579
3.71292
3.78026
4.04623
4.16546
3.87862
3.86937
4.47325
3.97687
4.24786
3.84615
3.75439
4.40593
4.29638
4.06277
4.1176
3.90185
3.63654
3.42771
3.73147
4.10405
3.89934
3.8295
4.10596
3.7144
3.85394
3.85267
3.77129
3.85458
4.15926
3.68522
3.97549
3.78915
4.21026
4.09441
4.00211
4.31051
3.69952
3.93457
3.70091
3.79873
3.99785
4.14953
4.02012
3.9207
4.09138
4.32398
4.19204
3.83819
4.33753
3.96667
4.30088
3.98962
4.32678
3.95588
3.88421
4.3451
3.84044
3.78593
4.05727
4.21652
3.98592
4.13664
4.03041
3.68362
3.97452
4.14092
4.26619
4.1444
3.94228
4.17461
4.522
4.07478
4.09926
4.2173
3.99962
4.18931
3.73987
3.98318
3.98834
4.29622
3.85636
4.4806
4.5742
3.79321
4.29382
4.11765
4.17892
3.72772
4.13534
4.17783
3.87576
3.92246
3.82667
3.98028
4.14581
4.43813
3.97602
3.92329
3.74301
4.16249
4.35131
4.112
3.97679
4.33908
4.24548
3.91673
3.90064
4.03546
4.12088
3.84755
4.39
4.37227
4.50093
3.86258
3.88591
3.86137
4.25615
3.8604
3.69575
4.13333
4.12899
4.08149
4.02388
4.06572
3.74973
3.79273
3.79514
4.07946
4.09827
4.1667
4.42066
3.66449
4.11084
4.19131
3.78762
4.06053
3.95145
3.94766
4.30466
4.52051
3.8163
3.90372
3.83656
3.52713
3.88798
4.24452
4.06398
3.75132
4.16539
3.80504
3.99014
3.74666
3.79184
4.19692
3.68721
3.8979
3.97037
3.28707
3.89985
3.89481
3.97556
3.68896
3.85329
4.15938
3.59248
4.00806
4.09564
3.92961
3.81131
3.96763
3.79868
3.7027
4.01754
4.09325
3.71731
3.74653
4.14485
3.89659
3.87722
4.16236
4.04076
3.54804
4.03724
3.87915
4.15189
3.54934
3.73795
3.91043
3.85574
3.82036
3.44143
3.58211
4.02534
4.03036
3.59139
3.80073
4.11127
3.86794
4.33129
3.82877
4.07154
3.59293
3.96774
4.25767
3.70017
3.74891
3.94685
3.962
3.64497
3.94073
3.42349
3.72792
4.0572
4.14065
3.81933
3.93775
3.83203
3.42955
4.04904
3.72125
3.89373
4.02745
3.97619
4.07704
4.16047
3.56458
4.01769
4.25654
4.02292
3.99256
3.81936
3.82679
4.41291
4.1354
3.74382
4.20755
3.94535
3.75132
3.5298
3.46783
4.10485
3.93998
3.9608
4.01162
3.94695
3.85335
3.8142
4.17745
4.13246
3.94378
4.00238
3.85026
3.94329
3.53073
4.03171
3.70162
3.99172
4.05591
3.95562
3.86248
3.78842
4.22545
3.61386
3.87239
3.97181
3.84166
3.55615
3.69081
4.00439
3.50937
3.79967
3.6325
4.03806
3.57996
3.77441
4.06841
3.81883
3.88862
4.22847
4.05263
4.23472
3.7716
3.61666
4.19426
4.17167
4.21897
4.11926
3.87518
3.96718
4.4953
4.0882
4.07041
4.08689
3.95161
4.34227
4.29853
4.23748
3.79654
4.46397
3.77024
4.0587
3.80701
4.03032
4.18245
3.90928
3.95824
4.35553
4.25445
3.90805
3.89811
3.87442
3.97566
4.26222
3.73809
4.00638
4.1021
4.41713
4.10187
4.07636
4.29115
4.48526
3.92398
3.6063
3.77727
4.00918
3.83058
4.02324
4.18171
3.72813
4.08872
3.70666
4.15669
4.17344
3.97449
3.91461
4.23762
4.32645
3.80944
4.0903
4.02934
3.91941
4.1221
4.24578
4.01774
3.77287
3.97687
3.96136
3.9865
4.23079
3.44559
4.22342
4.00705
4.4842
3.91689
3.95195
4.34075
4.3734
4.08504
4.50454
4.1451
3.84144
4.32095
4.36223
4.31244
4.25183
4.36332
3.72285
4.37037
3.95748
4.29578
3.77031
3.88548
4.03728
4.14327
4.08553
3.65159
4.11257
4.05165
3.89344
3.79143
4.09304
4.43188
4.08863
3.83039
4.04124
3.82623
4.04853
3.67212
4.07531
3.97321
4.31303
4.35228
4.11821
3.95415
3.5315
3.837
4.2902
4.12133
4.15993
3.57452
3.96778
3.6954
3.60532
3.78869
3.9479
4.11277
3.96688
3.92475
4.07757
4.24377
4.02021
4.12866
3.78424
4.49426
4.08515
4.07619
4.37774
3.98007
4.09212
4.43808
4.25401
3.90978
3.84913
3.85562
3.98468
4.87057
4.12004
4.28985
4.16959
4.0354
4.42913
4.35686
4.3004
4.56095
4.29086
4.67328
4.3087
4.40089
4.14716
4.09234
3.93872
4.08973
3.77366
4.37666
3.96181
4.32442
4.15846
4.13
4.38952
4.22925
4.5576
4.42821
4.27407
4.10378
4.17724
4.20543
4.25579
4.08908
4.51686
4.5058
4.08949
4.12612
4.30534
4.12485
4.29234
3.95684
4.1372
3.97348
4.17077
3.74408
4.26305
4.51012
4.12693
3.8519
4.34138
4.56148
3.93978
4.01918
4.17509
4.11209
4.23475
4.1998
4.29139
3.92668
4.17669
4.24128
4.00564
4.391
4.24583
3.97144
4.04783
4.16871
3.98543
4.22369
4.63609
4.3836
3.86167
4.19387
4.03464
3.44058
4.17407
4.11545
3.86811
4.22993
4.35798
4.11306
4.29549
4.22408
4.13011
4.01302
4.09727
4.23711
3.98711
3.79201
3.80877
3.95378
4.05722
4.05504
3.46023
4.21115
4.27241
4.07314
3.87744
4.18284
4.07624
3.94487
4.34866
3.8259
4.23416
4.11325
4.22799
3.96567
4.2498
4.0094
3.60976
3.60042
3.69751
4.04004
3.49626
4.23343
3.98762
3.94987
4.108
3.8137
3.70822
4.13415
4.17227
3.69302
4.38539
3.74577
3.86736
3.86098
4.04831
4.23003
3.811
4.19662
3.82892
4.12368
3.98126
3.90557
3.796
4.07923
4.08582
4.0681
3.74839
4.26775
3.90987
3.96301
4.22749
4.13439
4.32458
4.33042
4.40441
4.00744
3.98813
4.03907
3.70849
4.18593
4.23246
4.22586
3.77094
3.85016
3.8411
3.93112
4.21669
4.09089
3.66018
3.58528
3.91141
3.88966
4.54163
3.83699
3.88974
3.96303
4.04269
4.12188
3.7848
4.21874
4.04867
3.84249
3.89686
4.13365
4.28438
4.27503
3.85225
4.19696
4.13348
4.25426
4.32022
3.58566
3.87999
4.19072
4.18858
3.80151
3.80013
3.84511
4.04457
4.14189
4.03248
4.2439
4.09919
3.9699
4.20898
4.12243
4.47262
4.1186
3.67325
3.89225
4.2228
4.24541
4.23518
4.19618
4.2652
4.24829
4.4594
4.50942
4.5733
4.15683
4.13097
4.57446
4.19838
4.28133
3.8665
4.22986
4.03621
4.5196
4.08847
4.1822
3.88561
4.38689
4.32672
4.00862
4.20115
4.30292
3.97444
4.24949
4.41109
4.17371
3.81254
4.3435
3.92369
4.74515
4.17508
4.1648
4.27188
4.51582
3.8213
4.05027
4.19257
3.97296
3.97228
4.1137
4.30442
3.96261
4.11907
4.12982
4.09041
4.04211
4.32368
3.90247
4.31285
4.04489
3.80326
4.54279
4.15737
4.34285
4.20863
3.80983
4.25109
3.99508
4.59067
4.14523
4.1887
4.22571
4.56428
4.1561
3.37456
4.17647
4.06938
4.07381
4.3086
4.19351
4.0407
4.36319
3.73293
4.05423
4.02588
3.76778
3.85096
3.93618
3.88584
3.88631
4.01957
3.77585
3.77831
4.03773
4.1779
3.6139
4.2472
4.04567
3.95235
4.08068
3.93351
4.16149
3.58848
3.86281
4.18539
3.96653
3.88881
3.76067
3.94446
3.78923
3.63264
3.85411
3.81504
3.85573
3.88811
3.90963
3.83488
3.66561
3.94662
4.12961
3.90611
4.30278
4.10769
4.06647
4.07756
4.07646
3.91597
3.74708
3.60038
3.94915
4.04554
3.90787
3.98382
4.18064
3.87907
3.6973
3.59408
3.83954
4.13336
4.11581
3.97265
4.22692
4.68723
4.47073
3.88407
4.25306
3.77963
4.53576
4.14111
4.21106
4.12865
4.35666
4.12283
4.04982
4.09289
4.21764
3.98853
4.14741
3.94311
4.02999
4.40778
4.29775
4.14315
3.84382
4.20191
4.45656
4.18801
3.87984
4.48755
4.25652
3.95636
4.28776
4.26993
3.85123
3.98166
4.04229
4.02127
4.16942
3.8762
4.06484
4.11224
4.28728
4.44858
4.48545
4.20362
4.6588
4.2738
3.91254
3.82908
4.09836
4.07571
3.60083
4.0777
3.97093
4.0853
4.17604
4.06713
3.95398
4.05532
3.95289
3.82677
3.91274
4.43537
3.91088
3.96423
3.87224
4.63065
4.38181
4.42875
3.92514
4.34568
4.16472
4.36231
3.74338
4.22506
4.42257
4.23495
4.21311
4.30111
4.31614
4.03218
3.82658
4.07987
3.93359
4.31196
4.22717
4.36622
4.1189
3.75125
4.09418
3.9263
4.32368
3.96963
4.09869
4.01007
3.92949
4.20415
4.02498
4.00518
3.83299
4.11668
4.14437
4.11202
3.66546
4.13272
4.26082
3.3805
4.21727
4.08977
4.31417
3.81502
4.18467
3.5962
3.91791
3.95095
4.1308
4.61032
3.85369
4.21522
4.20191
3.95076
4.09606
4.08942
3.83934
4.27381
4.20361
3.78947
4.01608
4.4345
3.92401
4.30824
4.01464
4.30889
4.06697
4.06925
4.16194
4.16722
4.45413
4.22039
4.3243
4.4236
4.02693
3.99399
4.39859
4.25772
4.20928
4.18267
3.80568
4.12681
4.07527
4.18035
4.0608
4.39784
4.09797
3.95535
3.97294
4.02711
3.71981
4.1563
4.06787
4.36835
4.11765
3.78881
4.20763
4.03918
3.70399
3.87223
3.60113
3.95799
4.22323
4.52082
4.09293
3.82578
3.89554
3.94928
4.41011
4.12435
3.93904
4.33062
4.15465
4.36048
4.1358
4.45259
3.75585
4.1751
3.89201
4.38218
4.04004
4.10442
4.01056
3.99909
4.13943
4.15651
4.05157
3.8948
4.17131
4.07708
4.22052
4.1234
4.00492
3.8688
4.18369
4.49292
4.15572
4.20526
4.08278
4.01373
4.00116
4.03791
3.7972
4.0294
4.23828
3.80028
4.00279
4.0644
4.17719
4.20506
3.98272
3.72694
4.11997
4.35203
4.22631
3.92542
3.89757
4.03427
4.0742
3.9691
4.25592
3.84591
4.21544
4.06604
4.02422
4.43657
4.08573
4.30264
4.21405
4.31668
3.88004
4.12358
4.6921
3.77291
4.09845
4.16157
4.10908
4.1079
4.18397
3.87903
4.21905
4.4253
4.42948
4.11007
4.33501
4.19527
3.83915
4.48905
4.04348
4.11119
4.10465
4.45754
3.87985
3.95039
3.98782
3.9268
4.02156
3.81001
3.93626
3.84302
4.02342
3.96344
4.24647
3.71449
3.91113
4.03592
4.3223
4.22527
4.60788
4.30152
3.80804
4.15359
4.14886
3.82971
3.95239
4.22251
4.35292
4.04889
4.01893
4.04396
3.88362
3.93053
4.07356
4.10099
4.35606
3.98402
4.09863
3.84518
4.10848
4.02197
4.18249
4.16273
4.17687
3.94689
4.02861
4.28697
4.31646
3.89842
4.22239
4.11861
4.04611
4.00704
4.26846
4.38616
3.866
4.17054
4.04748
4.41117
4.4133
4.13837
3.94218
4.14708
3.86057
3.96225
4.33095
3.92912
4.42094
4.28498
4.00099
3.99319
4.11331
4.27711
3.89477
4.23444
3.90946
4.10645
3.85652
4.09917
4.20634
4.12495
4.26363
4.40438
4.38898
4.47255
3.62685
4.33186
3.75986
4.11026
4.12844
4.27497
4.17938
4.16175
3.92298
4.09583
4.01933
3.87173
3.9134
3.95175
4.44958
3.85188
3.97973
4.70291
3.8601
4.39666
4.42778
4.31243
4.44709
4.18742
4.26794
4.36698
4.63442
4.128
3.77821
3.82666
3.7298
3.98687
4.24919
4.20072
4.25914
4.29319
4.25579
4.12648
3.99046
3.75631
4.05591
4.19954
4.49855
3.91999
4.06265
4.10542
4.39496
4.2633
4.37531
3.74761
4.36619
4.10399
3.88701
4.02451
4.04593
4.19035
4.27799
4.27318
4.12507
4.13393
3.94119
4.36126
3.76937
3.99444
4.36431
3.94712
4.00089
4.45348
3.96761
4.18347
3.80047
4.11708
4.63329
4.02242
4.06996
4.11085
4.13034
4.08891
4.17166
4.05392
4.00049
4.44948
3.95665
3.77822
4.26734
4.45103
4.13457
4.4506
4.46808
4.15213
4.25237
4.00567
3.92562
4.27881
4.45147
4.77321
4.19693
4.05696
4.36154
4.31018
4.12806
4.43605
4.2442
4.21104
4.24397
3.91171
4.32373
4.0831
4.50702
4.10668
4.08921
4.11751
4.44489
4.23162
4.19619
4.04776
4.27332
3.93712
4.45019
4.62073
4.61786
3.9642
4.23029
3.95165
4.07295
3.96137
4.25109
4.15158
4.13991
4.32598
4.32859
4.12802
4.27791
3.72532
4.00642
4.10836
4.26335
4.1084
4.35577
4.13877
4.27067
4.58665
4.07925
4.20549
4.23103
3.45192
3.73313
4.26356
4.10154
3.78188
4.121
3.95179
3.92358
4.01327
3.88706
3.84104
3.96993
3.77591
4.12493
3.96602
4.04003
3.91929
4.1209
4.26167
4.07852
3.89021
4.15129
3.55197
4.32575
4.13773
4.03353
3.94181
3.9522
4.03134
4.22092
3.95961
4.25276
4.02188
4.24087
3.96776
4.08444
3.86067
3.83064
3.98747
3.86792
4.21971
4.1859
3.87762
4.16153
4.05559
4.43064
4.13501
3.95682
3.91011
4.04344
3.66463
4.10418
4.53556
4.30393
4.08007
4.23289
3.94778
3.90344
3.759
4.25407
3.75382
4.28641
4.19512
3.99782
3.59391
4.08175
3.92913
4.30049
4.15619
3.6168
3.95376
4.18613
4.46593
4.28133
4.15672
3.99289
3.63941
4.20234
4.27057
4.28167
3.88052
4.09898
3.89359
3.92424
3.56938
3.87543
3.81077
3.95321
4.27907
3.72901
4.10831
4.17396
3.75589
4.30909
3.83561
4.04161
4.02161
4.08919
4.34273
3.8835
3.77556
4.26095
4.20793
3.86998
3.94404
3.96329
3.92975
4.38012
3.8203
4.03236
4.23903
4.37593
4.29939
4.26442
4.06332
4.51526
4.21932
4.30387
4.74582
3.73612
4.38918
3.7876
4.37271
4.2234
4.09697
4.29594
4.13647
4.1234
3.63781
3.94032
3.74427
4.05389
4.00162
4.14885
4.10272
3.59659
4.02133
3.82993
4.22162
3.86506
3.94503
4.18534
4.30324
3.97805
3.90471
4.08794
3.85985
3.60462
4.25205
4.19646
3.61184
4.06732
4.3617
4.02581
4.24343
4.29089
4.05405
3.92388
3.88997
3.95594
3.76726
4.47388
4.25936
4.16656
3.8332
3.97748
4.17845
4.27042
4.01621
4.32678
4.33926
4.0807
4.09012
4.21249
3.67722
4.24181
3.9546
3.84001
4.26181
3.94414
4.08921
3.81371
4.29705
4.0326
4.00314
3.87895
4.16054
4.07334
3.864
4.34148
4.00697
4.15811
4.05663
4.02162
4.07176
3.81349
4.02068
4.21073
4.05319
3.97866
4.00397
4.07423
4.43592
4.05426
4.01731
3.66941
4.35998
4.28518
3.97045
4.12728
4.05887
3.97695
3.86564
4.22074
4.1054
4.13101
4.15191
4.32828
4.13126
4.12994
4.25073
4.19423
4.04522
4.03824
4.08224
4.00405
4.1416
4.07082
3.81794
3.79119
3.92062
4.27292
4.12437
4.14804
3.83619
4.39055
3.89278
4.55289
4.00521
3.63554
3.9039
3.93934
4.29656
3.79392
3.96018
3.93268
3.8166
4.27874
4.05217
3.96797
4.10254
4.32715
4.05737
4.25852
4.44314
4.09642
4.11466
4.4116
3.9731
4.21543
4.34042
3.91068
4.01146
4.11169
3.91742
4.06526
4.68301
4.22814
4.12631
4.11486
4.22088
4.1502
3.96586
3.94271
3.87895
4.09705
3.83945
4.15137
4.1602
4.1391
4.16507
4.12442
4.3325
4.14302
4.16755
4.01393
3.94813
3.58489
4.06276
4.1105
3.84874
4.30188
3.76693
3.80501
4.24103
4.12218
3.97398
4.05896
4.15124
4.19239
4.39626
4.11269
3.62159
4.08208
3.85072
4.32728
3.91195
4.20084
3.936
4.11442
3.91558
4.0761
4.38037
4.17726
3.94466
4.12642
3.95056
4.03467
3.92715
3.8125
4.15221
3.9405
3.95197
4.21337
3.90871
4.05924
4.00248
4.03255
4.14057
3.88184
4.04902
4.17197
4.04952
3.90968
4.04648
3.90476
4.03137
4.05592
3.83968
4.08611
4.02475
3.56562
4.06122
3.85606
3.91331
4.25089
3.66476
4.12208
4.26855
3.59352
4.21969
4.16223
3.77278
4.20262
3.96221
4.0899
3.60178
4.29528
4.46986
4.13105
4.33341
4.04547
4.1857
3.93426
3.88607
4.07291
4.1501
4.61294
4.08585
3.70887
4.38485
4.13696
3.92412
3.97463
3.79236
4.03148
4.04623
4.29643
3.75711
3.80751
4.1157
3.94293
3.84957
4.46281
4.26032
3.84576
4.43314
3.89638
3.9151
3.94461
3.91455
4.07283
3.99794
4.21308
4.2431
3.90984
3.98864
4.11837
3.81751
4.37722
4.27243
3.40302
3.98809
4.26166
4.01713
4.00068
4.14509
4.27487
3.92054
3.83756
4.53709
4.12558
3.95095
3.68541
3.80595
3.69055
4.51377
3.98101
3.96219
4.04067
4.05453
3.93769
3.6946
3.73399
3.682
4.21829
4.00352
4.03221
3.82117
3.52873
3.78473
4.14161
3.95134
4.18101
3.95723
3.72403
3.67919
4.09195
3.80552
4.04668
3.58445
4.05371
4.2314
4.10293
3.67702
3.95432
3.92878
4.10069
3.85888
3.89624
4.16037
4.07615
4.07713
4.00807
4.57313
3.89293
3.93342
4.07033
4.18577
4.03909
4.16603
4.00056
3.94662
4.03477
4.36088
3.82291
3.97117
3.42075
3.9548
4.00203
3.68898
3.69886
3.98656
3.79944
3.97053
4.08635
4.01228
4.15863
4.17389
4.08108
3.55606
4.10355
4.09306
3.62571
4.03278
3.97996
4.02175
3.8299
4.22333
3.58107
3.98885
3.97383
4.28775
3.95357
3.98813
3.66249
4.21456
4.05471
4.19354
4.08452
3.75772
3.73588
4.21764
3.48746
3.74193
3.85902
4.31031
4.27679
3.91742
3.93269
4.14173
4.37613
3.89804
4.01886
3.70721
4.20606
4.01493
3.81105
3.80668
4.09354
4.16829
4.20002
4.19946
4.375
4.08554
4.08688
4.07711
3.72618
4.25901
3.9488
3.73785
4.12334
4.1769
3.82783
3.94022
4.14391
3.76218
3.9407
4.00403
3.95832
4.27648
3.89807
4.15124
3.99214
4.17363
4.10446
4.03345
3.89488
4.00633
3.96463
4.11245
4.18725
4.33714
4.11523
4.14818
4.13111
4.03006
4.79552
4.02746
4.19004
4.04672
3.8208
3.89841
3.89657
3.86113
4.21356
4.12512
3.92546
4.01914
3.97533
3.95208
3.86219
3.75218
3.64328
4.11092
4.10052
4.23103
4.24386
4.04284
4.23608
3.83081
3.89298
4.11677
3.71944
3.92264
3.907
4.28317
3.85391
3.82366
4.02601
4.3346
4.10844
3.95812
4.17485
3.83253
4.22823
4.01699
4.25663
3.95315
4.20602
3.74578
4.03326
4.55527
3.98649
4.24477
4.02777
4.22056
4.08836
4.00844
4.00579
4.18786
3.97636
4.16952
4.1457
4.12918
4.02189
4.23053
4.19471
3.7454
3.41903
3.87875
4.32805
3.89451
4.22826
3.98013
4.0473
3.87373
3.95101
4.10219
4.16545
3.99254
4.26466
4.22381
3.98813
3.99461
3.88984
3.79326
4.21455
3.43512
3.77545
3.98419
4.29118
4.40755
3.76599
3.8438
3.77719
4.29208
4.01025
3.96769
4.17486
3.95141
3.70802
4.27371
3.99651
3.72572
4.26235
4.50992
4.23472
4.32285
3.64811
3.94983
4.13198
3.95578
4.04516
4.00096
3.96065
4.05433
3.79921
4.13469
3.85201
3.87829
4.09804
4.50175
3.86959
3.79186
4.24259
3.70228
4.37601
4.34325
4.12997
4.40384
4.07641
4.16962
3.96375
4.36043
4.09578
3.9662
3.69078
4.10018
4.26324
4.18549
4.15778
4.36037
3.38493
3.67747
4.10931
4.07475
4.09181
3.87144
4.20653
3.77655
3.86345
4.17337
3.99838
3.99699
4.0942
3.61614
4.08501
4.23684
4.19887
4.06547
3.97067
4.31498
3.75357
3.98115
3.70567
3.78057
4.01589
4.1261
4.31676
4.18344
4.35037
4.31447
3.77135
4.42665
4.3455
4.28494
4.10302
3.55119
3.82781
4.07566
4.56876
3.68993
3.7347
3.9568
4.46448
4.02588
4.15009
3.97418
4.46245
4.01897
3.97529
3.89866
3.87306
3.8492
4.28378
4.08068
3.84655
3.85296
4.26144
3.95613
3.96747
3.70609
4.1678
4.11208
4.18619
4.12837
3.9646
3.95462
3.73841
4.28352
3.76208
4.15018
4.40525
3.91958
3.74612
3.98739
4.07259
3.9928
4.28169
3.95877
4.11127
4.11544
4.17912
3.92146
3.99485
4.13245
3.7199
4.00194
4.18874
3.8861
4.22013
3.70215
4.01931
3.86074
4.17562
3.70336
4.26802
3.68319
4.11042
4.01786
3.91847
3.67639
3.81277
4.16308
3.84659
3.77927
3.83222
3.58458
3.80794
3.912
3.99306
4.24063
3.88237
4.35036
3.89072
3.95628
4.49773
3.61623
3.67458
3.77144
4.19775
3.9911
3.9329
4.55669
3.94125
4.27517
4.25399
4.56423
4.26346
4.05248
3.85393
4.12166
4.20665
4.01814
4.16174
4.11931
4.32183
4.22206
4.26343
4.05412
4.14979
4.38543
4.2721
4.29372
3.95496
4.23327
4.04967
4.11953
4.38653
3.73438
3.74037
4.76919
4.09559
4.45141
4.4303
4.13057
4.09074
4.1668
3.80709
3.98952
4.53442
4.16709
4.0656
4.14536
4.56368
3.88292
4.10788
3.44693
4.16242
3.93052
4.01072
3.8079
4.13133
3.96951
3.94581
3.65261
4.00764
3.93019
3.95803
4.2224
3.95715
3.95587
3.81176
3.70344
3.84032
3.94749
4.21738
4.06282
4.05967
3.9589
3.90479
4.17287
4.6711
4.2128
3.86023
3.91858
4.05711
3.9323
4.30003
3.95991
4.00372
4.25145
3.7766
3.98094
4.36434
4.1312
4.24005
3.76495
3.83365
3.77542
4.17344
4.07046
4.10527
4.16972
3.91947
3.90707
3.94654
3.85098
4.21242
3.89681
4.10184
3.9215
3.7252
4.13776
3.95648
4.20551
4.39436
3.56676
4.05431
4.11909
4.47732
3.65791
4.02428
3.99033
4.08577
4.51752
4.05957
4.14401
3.92471
3.87582
4.24715
3.96873
4.25317
3.92359
3.95537
3.8154
4.11909
3.89433
3.60525
4.17932
4.14922
4.18313
3.98213
4.13612
4.25194
3.9253
4.25292
4.02703
4.15775
4.0972
3.98423
3.70523
4.24172
4.05712
4.12633
3.93394
4.28176
4.04683
4.22168
3.84709
4.22075
4.11243
4.31522
4.47068
4.32057
4.18971
4.09999
3.75971
4.10703
4.13657
3.82286
4.2177
3.41677
4.55522
4.03955
3.97579
4.21674
3.49505
3.94393
4.39644
4.125
4.08141
4.31421
3.98695
4.40352
4.30078
3.98966
4.02291
4.25338
4.21653
3.98417
4.34606
4.11961
3.82864
3.86561
4.23253
4.0483
4.26149
4.19255
4.13023
4.01594
4.27522
4.27849
4.30267
4.19316
4.23891
4.15987
4.42989
3.98746
3.96787
4.07411
4.05814
3.80398
4.37678
4.13303
3.87827
4.03858
4.61596
4.18568
4.21699
4.16342
4.53518
4.12059
3.81282
4.21127
4.1032
4.3952
4.1982
3.94554
4.07223
4.37952
4.01015
3.98587
3.80954
4.17452
4.29897
4.0184
4.1518
3.96578
3.75449
3.66429
4.05424
4.16919
4.03464
3.90527
4.38323
3.9982
3.74367
4.03702
3.66853
3.92981
4.2354
4.10086
4.29985
4.1051
3.70867
4.37655
4.21256
4.12324
4.12559
3.95751
4.31417
4.05662
4.42771
4.03029
4.02058
3.83547
3.63938
4.04444
4.04221
3.80137
4.05199
4.05076
3.65602
3.99908
4.01548
4.36222
4.04511
3.80283
4.01871
3.90477
3.82815
3.78068
4.03094
3.77947
4.24075
3.93796
4.06256
4.01705
3.99417
3.96899
4.05278
4.07521
4.04827
3.84467
4.12854
4.0734
4.04229
3.85964
4.21242
3.98159
3.76208
3.92257
4.14717
3.90031
3.84985
3.81428
4.30145
4.05325
4.11916
4.02255
3.94156
3.93173
3.85573
3.80288
3.99717
3.65767
4.03694
3.83087
4.148
4.41366
4.25109
4.06336
3.96558
4.10273
4.04451
4.12046
4.29424
3.90859
4.2636
3.94917
3.74421
3.97163
4.13435
3.96004
3.90528
3.63208
3.89138
4.04021
3.90537
3.93328
3.88286
4.02241
3.84106
4.55356
4.25448
3.7996
4.24044
4.05636
4.02671
3.92286
4.19564
3.77559
3.72326
4.0821
3.79972
4.30815
4.31865
4.12214
3.86638
4.12232
4.10231
4.50248
3.86302
3.98129
4.26165
4.21663
4.16147
4.18608
4.57283
3.97675
4.00469
3.79658
4.46598
3.6843
4.15284
4.14336
4.26058
4.37878
3.8326
4.35784
4.40295
3.79271
3.77314
3.75199
3.8693
3.65892
4.02406
3.89922
3.95135
4.16865
4.01791
4.12562
3.65212
4.14804
3.74124
4.65671
3.91727
4.07968
4.06612
3.93016
3.84684
3.92133
4.21501
4.10317
3.72785
3.58695
4.3984
4.42377
3.94208
4.03017
3.98321
3.96523
4.18242
3.98681
4.25479
4.08876
4.03464
3.94765
4.10026
4.06203
4.25376
3.72729
4.24204
4.16299
4.16343
4.52259
4.00314
3.94198
3.74621
3.84028
4.18977
3.76649
3.9902
4.16324
4.19843
3.83604
4.09934
3.7864
3.69047
4.39691
3.97004
3.64438
3.91132
3.85977
3.96762
4.1462
3.76916
3.51544
4.22084
4.06744
4.1388
4.09129
3.63664
4.27966
3.59086
4.04036
4.44469
3.79088
4.22995
3.93313
3.92314
3.91162
3.84515
3.99927
4.17679
4.36101
4.03775
4.39155
3.93839
4.21312
4.03908
4.19651
3.80746
4.25097
4.29567
3.98456
4.19072
3.98815
4.45686
3.78236
4.12213
4.18656
3.84305
4.01487
4.13195
4.26594
4.17594
3.85698
3.84505
3.92776
4.12811
3.8918
3.93191
3.70531
3.91384
3.6378
3.90359
4.0498
3.81122
3.77732
3.72755
3.51636
3.6086
3.85902
4.22764
3.75562
3.81317
3.62606
3.96998
3.80853
3.97886
3.85441
3.9088
3.99563
4.33232
4.08585
3.85064
4.13034
4.24186
4.07683
4.21405
3.81173
3.93066
4.13054
4.30359
4.21846
3.87079
4.33488
4.55448
3.86154
3.97372
4.51144
4.25045
3.79455
4.3009
4.35689
4.19169
4.69641
3.75855
4.39097
3.81633
4.06574
4.15934
4.34856
3.99828
3.93431
3.84391
4.5912
3.80153
4.05834
4.22233
3.77113
3.96252
4.0504
4.11046
4.19705
3.88115
3.60494
4.00948
4.05351
3.80137
4.01917
3.87293
4.03925
4.28245
3.7018
4.02048
3.97554
4.06291
3.98795
3.82957
4.40194
3.96127
3.76457
4.22931
4.16
3.91384
3.62967
3.83582
3.78652
4.1097
3.83763
4.13875
3.8153
4.04412
4.11588
4.06176
3.66129
3.61827
4.25418
4.28703
4.36529
4.02358
3.8584
4.12665
4.27768
3.71321
4.12671
4.09283
4.13013
4.32932
4.32128
4.20267
4.50022
3.98921
3.83669
3.90928
4.34056
4.41166
3.98005
4.27289
4.09338
4.20733
4.17273
4.23748
4.20001
4.12255
3.8957
4.22587
4.12046
4.0822
3.71038
3.74408
4.46931
4.04916
4.29435
3.56368
4.1064
4.44475
3.74509
3.87203
4.07682
4.34512
3.85773
4.01159
3.94498
3.96301
4.64263
4.38953
4.06879
4.0677
3.97005
4.03071
4.10475
4.03386
4.34019
4.18891
4.04848
4.27039
4.15236
4.14246
4.07093
3.94396
4.13987
4.5261
3.82384
3.83181
4.19897
4.20759
4.1891
4.26051
4.01934
3.69244
4.35732
3.96294
4.24739
4.0023
4.23568
4.1798
4.29577
4.42155
3.91609
3.81823
4.12456
3.49836
4.16415
4.30295
3.88819
4.00991
4.2112
4.20003
4.02936
3.63788
3.67169
3.8843
4.46542
4.01341
4.0122
3.64748
3.93661
3.96921
3.95418
4.06583
4.04254
4.09383
4.19835
3.95883
4.13578
4.10295
4.33267
3.70144
3.76587
4.16818
4.35104
3.93777
4.12699
4.37751
4.29625
3.63981
3.75539
3.6526
4.20773
3.84139
3.85969
4.35779
4.12509
3.9989
3.88579
4.41205
3.95372
3.86242
4.43351
3.78332
4.49108
4.21076
4.22233
4.55438
3.77123
3.79686
3.65207
4.13495
4.27391
3.86511
3.82646
3.87419
4.41443
4.19636
3.90511
4.0254
3.90565
4.21297
3.83297
4.02229
3.68524
4.15896
4.17413
4.37575
3.94254
4.16537
4.22929
4.37311
4.42582
3.92874
4.20502
4.08288
3.75355
4.21373
3.88591
4.22978
4.02487
3.73208
3.79424
4.70592
4.12718
4.22847
4.01787
4.24633
3.76918
4.01037
4.2096
4.3552
4.35969
4.18544
4.04333
4.41471
4.35949
4.46189
4.16351
3.80279
3.72154
4.91169
4.26691
4.03104
4.36803
4.16134
3.86644
3.5688
4.25009
4.08277
4.28806
4.44968
