28.5538
29.0419
28.9612
29.2145
28.7827
29.3252
29.2038
29.1912
28.706
28.758
28.5402
28.5585
28.9108
29.1957
29.2317
28.9032
29.0182
28.6717
28.8727
29.086
29.2009
28.7617
29.0598
29.1267
29.0434
28.421
28.7724
28.3696
29.1574
28.8288
29.2732
28.8805
28.6664
28.763
28.6916
29.3475
28.8099
29.2801
29.154
28.7978
29.333
28.9364
29.0686
29.0203
28.9237
28.9731
28.6997
28.8577
28.6274
29.0713
29.0797
28.7011
28.7894
28.7661
29.2489
28.618
29.1382
28.9921
28.5408
28.7677
28.8463
28.8359
29.08
28.9829
29.0903
28.6467
29.1581
28.7158
28.9257
28.6455
28.718
28.9018
29.0733
29.2026
29.1364
29.2417
28.9682
28.9047
28.6264
28.6971
28.8795
29.2359
28.8155
29.0068
28.9169
28.8417
28.7407
29.236
29.05
28.7847
28.6907
29.0867
28.6389
28.8167
28.7911
29.0553
28.9079
28.5554
28.7627
28.9194
28.7908
28.6628
28.4134
28.5767
28.9517
28.992
28.7173
28.7274
28.6008
28.7525
28.2932
28.9604
28.8173
28.8888
28.5974
28.8359
28.812
28.7239
29.0156
28.6923
28.7251
28.904
28.6603
28.3269
29.117
28.2226
28.4606
28.5236
28.8083
28.5979
28.892
29.2716
28.2866
28.5724
28.3204
28.7507
28.8926
29.0483
28.6922
28.7337
28.9548
28.8859
28.4921
28.9013
28.5786
29.1168
28.6054
28.6761
28.3549
28.3016
28.8555
28.6094
28.2159
28.5594
28.8786
28.8058
28.4827
28.6225
28.644
28.6428
28.6634
28.7914
28.6571
28.5353
29.0172
28.701
28.6689
28.5505
28.5728
28.5595
29.0581
28.6128
28.8934
28.8264
28.5634
28.7769
28.9676
28.4776
28.8721
29.0479
28.6827
28.8033
28.9879
29.0657
28.9984
28.8913
28.729
28.5813
28.8637
28.5483
29.1458
28.7469
28.6708
28.5044
28.3325
28.6408
28.784
29.0915
29.2459
28.7843
29.098
28.9728
29.0307
28.8455
28.5914
28.6963
29.0216
29.0547
29.254
28.7231
28.9366
28.6684
29.1215
28.9574
29.1187
29.428
29.0744
28.8139
28.901
28.6167
28.8249
29.026
28.8809
28.6827
28.835
29.0695
29.086
29.3455
29.0367
29.027
28.9748
28.9929
29.1093
28.9665
28.8053
28.7758
29.0407
28.6506
28.9312
28.7104
28.9069
28.8723
28.9908
28.9686
28.9191
28.6098
28.8417
28.9077
28.9713
29.2736
28.7258
29.0647
28.7515
28.972
28.5549
29.0082
28.7368
28.8891
29.201
28.7903
28.8912
29.2212
28.851
28.8754
28.5453
28.6544
28.8164
29.1921
28.9844
28.9878
29.0971
28.7701
28.801
28.8399
28.7849
28.9586
29.5164
29.1715
29.0003
28.9201
29.2497
28.9126
29.3308
29.1005
28.8281
28.7911
28.7493
28.9916
28.9666
29.1091
29.2255
28.9235
28.4939
29.0349
29.2234
28.8269
29.2368
28.557
28.8588
29.2856
28.704
28.7977
28.3816
28.8343
29.1937
29.0253
28.9009
29.0973
28.8745
28.9444
29.3925
29.2736
28.6598
28.9261
29.1752
28.764
28.7774
29.0165
28.6409
28.9356
29.1452
28.9261
29.205
28.8978
28.6586
29.0624
28.8993
28.6713
28.7833
28.993
28.8427
28.8295
28.949
28.5046
29.2065
28.6574
28.7673
28.6266
29.0589
29.2248
28.7779
29.0818
28.7669
28.9149
28.6379
28.9251
28.8943
28.7716
29.0825
28.7049
28.8507
28.7706
28.4285
28.9885
29.2774
28.6923
28.625
28.9463
29.0304
28.9195
28.9917
28.7959
29.0755
28.6996
29.1044
29.2754
28.9276
28.8933
29.1154
29.1713
28.6085
29.2179
29.0771
29.2166
29.2081
29.0899
29.2642
29.0454
29.4893
29.1611
28.9076
28.8209
28.5288
28.6405
29.025
29.1214
29.0149
28.9692
28.4843
28.9981
28.9132
29.4444
29.102
28.7523
29.3514
29.0231
29.0334
28.967
29.0968
29.6639
28.8554
28.7444
29.0925
29.1196
28.9875
29.1058
29.0888
29.0422
28.9068
29.282
29.1297
29.1523
29.134
29.0935
29.0411
29.0241
29.2448
28.8985
28.7941
29.3471
28.7937
29.2222
28.7151
29.1203
28.9334
29.2322
29.2088
29.1937
29.614
28.9802
28.9486
28.9918
29.5554
29.051
29.6156
29.1156
28.5509
28.7577
29.268
28.9043
28.8921
28.9279
29.1105
29.2616
29.0254
28.8489
29.0014
28.8602
28.5609
29.3042
28.7835
29.0774
29.0326
28.5324
28.6418
28.8125
28.8335
29.3017
29.3417
28.848
28.9663
28.9271
28.7994
29.0706
29.268
29.3366
29.0298
29.4896
29.2109
29.4417
28.796
28.9332
28.8255
29.2824
29.1516
28.6607
29.076
29.327
29.032
29.1393
29.0693
29.1322
28.85
28.7585
29.304
29.0161
28.6376
28.6592
28.9165
29.0547
28.9953
28.3981
28.6313
28.9818
28.8336
28.7253
28.8539
29.1828
28.7494
29.2678
29.3896
28.9479
28.5316
28.8119
28.5095
28.5544
28.8405
28.5489
29.0072
29.1589
28.7714
28.9192
28.4351
28.8312
29.1008
28.8096
28.6704
28.9973
28.3739
28.5792
28.8685
28.9986
28.7275
28.9672
28.4505
28.8158
29.0215
29.0086
28.5841
28.9329
28.5384
28.6435
29.2318
29.0302
28.7581
28.542
29.0366
29.1864
28.8692
28.8971
28.8
28.7168
28.9593
28.7743
28.8285
28.8911
28.8906
28.8866
28.5508
29.1425
28.5943
29.2336
28.9682
28.8356
28.7642
29.1585
29.212
29.0286
29.2781
28.7397
28.5189
29.0636
28.8557
29.0432
29.0394
28.9162
28.7219
29.2255
29.0407
28.758
29.2821
28.9602
28.4313
28.6488
28.9556
28.3837
28.7393
28.7713
28.8138
29.0067
28.8719
28.6732
29.1033
28.7394
28.702
28.5903
29.2565
29.0824
28.8534
28.9126
28.7711
28.5823
29.2687
28.824
28.9326
28.9827
28.8645
28.7937
29.1798
29.0397
28.9529
29.2045
29.0403
28.9676
28.8963
29.0823
28.9925
28.7213
29.3857
28.9903
29.1558
28.8323
28.9665
28.7082
28.9272
28.8062
28.6656
28.9938
28.9529
28.9345
29.2265
29.1831
28.8678
28.5081
28.7444
29.2073
29.0569
28.9184
28.689
29.1006
28.6711
29.0816
28.5629
28.9347
28.8475
29.0347
29.1239
28.3071
28.8552
28.8554
28.8278
28.9375
28.8722
28.6632
28.9105
29.0217
28.903
28.9815
29.1018
29.0086
29.0575
29.3731
29.0067
29.1013
29.2291
29.1044
29.4679
29.3472
29.2244
29.033
29.0445
29.1082
28.4736
28.8088
28.9541
28.5391
29.0448
29.0096
28.6617
28.4866
28.8929
28.8534
28.9174
28.8983
28.6682
28.6052
28.5721
29.1984
29.2219
28.8755
29.0234
28.8311
29.3793
28.7671
29.5355
29.3027
28.7246
28.8044
28.9919
28.9078
28.7075
29.2584
28.7433
28.7793
29.0951
28.7638
28.8035
29.1489
28.9375
28.8295
28.7508
28.583
28.9275
28.7752
29.112
28.6955
29.0039
29.1714
29.3045
28.9793
28.8967
28.7761
29.2868
28.9879
29.1646
28.9312
28.7203
29.2184
29.0604
29.0652
28.9518
29.2248
28.993
28.8508
28.5562
29.4296
28.8551
28.7969
29.1257
29.0456
28.8786
28.9738
28.8804
29.2077
28.961
28.9806
28.995
28.9669
28.8672
28.8086
28.9863
29.0283
28.679
28.9706
29.1902
28.7533
29.0213
29.3146
28.9976
28.9007
28.9529
28.7057
28.7178
28.826
28.8231
28.9397
28.8732
28.7762
28.6656
28.5529
28.9645
28.8532
28.7358
28.5656
29.0186
28.3714
28.5347
28.6235
28.9958
29.2648
28.5459
28.9089
28.9606
28.9753
29.0406
28.9401
29.355
29.0279
28.8765
29.0005
28.8238
28.9496
29.0575
28.5934
29.1625
29.2002
28.7784
28.9874
28.5247
29.0313
28.8611
28.9987
28.9608
29.2827
28.6968
29.1078
28.6162
28.7899
29.5255
28.9285
28.3496
28.8994
28.9092
29.0278
29.0861
29.1828
29.0373
28.8312
29.0679
28.7206
29.2683
28.4916
28.9146
29.2638
28.5152
28.6757
28.8427
28.8235
28.8421
29.0885
28.9008
28.9143
28.9753
29.0323
28.8813
28.8164
28.9253
29.2254
28.9241
28.6711
29.1337
29.279
28.838
29.1807
29.1905
28.9678
28.8922
29.0473
29.257
29.0218
28.8414
29.1518
28.9306
29.1092
29.4555
28.7467
28.863
28.9412
28.6024
28.9114
28.95
28.7543
29.0196
28.7144
28.9931
28.5809
29.1757
28.6596
28.7899
29.0731
28.8485
28.8723
28.9098
29.0401
28.9303
29.2623
29.1841
28.9865
29.0549
28.5102
28.7369
28.8233
29.0932
28.4359
29.2808
28.9755
29.1369
28.8828
29.0778
28.8754
28.8779
29.3257
28.2275
29.1521
28.9816
28.8252
28.7034
28.753
29.1923
28.9023
28.7347
28.5165
28.5387
29.0094
29.0471
28.8269
28.7409
28.4531
29.0249
28.6329
28.7561
28.537
28.8407
29.0172
29.1889
28.321
29.4376
28.305
28.7815
29.2126
28.6307
28.8413
29.1427
28.8974
28.561
28.4676
28.3047
28.8158
28.9413
28.5811
28.867
29.0054
28.938
28.7526
28.8205
29.3154
28.8305
28.7046
28.7851
28.9808
29.0098
28.3716
28.6303
28.8561
28.5242
28.5821
29.2068
28.7546
28.3975
29.1445
28.711
28.8648
29.2447
28.3429
28.8866
28.6958
28.9146
28.599
29.1262
28.8889
28.8691
28.7607
29.1804
28.8132
28.8679
29.1023
28.9531
29.1683
28.8745
28.4019
28.8494
28.984
28.9091
28.5241
28.7544
29.0227
29.0282
28.3703
28.7135
29.0065
29.289
28.4441
29.1254
28.8497
28.6559
28.313
28.2964
28.5856
28.5452
28.6621
28.8715
29.0562
28.8049
29.2557
28.4857
28.8231
28.5734
28.9543
28.8757
28.6053
28.3402
28.8959
28.7467
28.4966
28.587
28.7434
28.8519
28.2794
28.8112
28.9262
28.4753
29.2943
28.4413
28.7058
28.7639
28.5338
29.4695
28.8386
28.4935
29.0037
28.8946
28.9058
28.879
28.7831
28.6669
28.5674
28.6527
28.4258
28.8221
28.7353
28.9479
28.6454
28.9837
28.7882
28.8478
28.572
28.7653
28.3766
28.8721
28.5376
28.7005
28.6689
28.3682
28.833
28.5835
29.1742
28.9823
28.8461
28.9933
29.2066
28.2856
28.7892
28.7938
29.3643
29.0459
28.8065
29.0039
28.5025
28.869
29.056
28.435
29.0368
28.7076
28.96
28.8855
29.0006
28.7888
28.5002
28.9807
28.8433
28.7632
28.6559
29.0565
28.4252
28.9615
28.9173
29.3438
28.7213
28.6281
28.608
29.0646
28.9583
29.1776
28.9763
28.7891
29.4237
28.9514
28.8474
28.672
28.8688
28.9908
28.0829
28.5496
28.7015
28.9346
28.5328
28.6352
28.3641
28.8217
29.2844
28.9674
28.9002
28.5908
28.4776
29.0561
28.8601
28.5207
28.6359
29.0829
28.816
28.6726
29.0875
28.7983
28.335
29.2016
28.8968
28.9412
28.4114
28.8746
28.7524
28.6054
28.7753
29.2164
28.8919
28.7548
29.0347
28.8216
29.0363
28.903
28.5745
28.4499
28.7349
28.813
29.2909
28.4927
28.7337
28.5391
28.9542
28.9506
28.7654
29.0955
29.2413
29.0706
28.9448
28.8227
28.8413
28.7439
28.1852
28.7138
28.92
28.7297
28.9075
28.3767
28.4517
28.5445
29.1443
28.2599
29.278
28.8399
28.5681
28.8531
28.7685
28.7197
28.6592
28.6502
28.6644
29.0453
28.6779
28.8454
28.5158
28.675
28.394
28.9429
28.7312
28.8079
28.5636
28.7622
28.8028
28.188
28.5238
28.4801
28.645
28.8958
28.9176
28.5321
28.8484
28.8981
28.5844
28.5092
28.5757
28.6304
28.9381
28.5701
28.9269
28.7378
29.0879
28.984
28.7213
28.9967
29.0361
28.6954
29.486
28.74
28.702
28.8296
28.9188
28.6132
28.7841
28.6031
28.7708
28.9434
28.7528
28.4495
28.6679
28.5714
28.558
28.7668
28.5661
28.7282
29.1403
28.6805
28.8101
28.8628
28.722
28.7335
29.0125
28.9436
28.6713
28.7101
28.7906
28.6093
29.0315
28.9579
28.5022
29.1581
29.0391
28.7798
28.813
28.8026
28.613
28.697
28.8709
28.7075
28.8896
29.2112
28.7162
28.9907
28.6742
28.7392
28.5969
28.6012
28.8453
28.4044
28.8042
29.256
29.1024
28.6535
28.4543
28.7528
28.5272
28.9787
28.6182
28.6615
28.7562
28.6632
28.5309
28.9779
28.7099
28.6991
28.9816
28.7838
28.7369
28.717
28.9396
28.9853
28.0871
28.7574
28.7029
29.2213
28.9827
28.8075
28.6115
28.4288
28.7631
28.7548
28.4398
28.7338
28.6992
28.7545
28.6983
28.8172
28.9056
28.7252
29.243
28.6272
28.428
28.9402
28.7963
28.5952
29.132
29.2034
28.6209
28.4924
28.6415
28.7896
29.1908
29.0211
29.4043
29.2789
28.8844
29.1773
29.5828
29.3204
29.5169
29.2713
29.3523
28.8562
28.8362
28.8825
29.3024
29.055
29.1813
29.1891
28.7329
29.2164
29.2214
29.356
28.7795
29.3133
29.207
29.2477
29.1693
29.2266
29.1882
28.7528
29.052
28.9626
28.9289
29.0904
29.1809
29.2553
28.9348
29.0595
28.8577
29.2996
29.2025
29.2451
29.1482
29.4221
29.2587
28.6673
29.1217
29.0393
28.7836
29.2225
28.8412
29.1506
29.404
29.0539
29.2065
29.4057
29.2863
29.2112
28.8481
29.0915
29.1433
29.1017
29.1169
28.7355
29.4471
29.0995
29.3324
29.4812
29.3371
29.3186
28.9125
29.4044
29.1458
29.3238
29.0131
28.8434
29.191
29.6781
28.9557
28.8177
29.1715
28.834
29.033
28.9996
29.2904
28.8595
28.8398
28.851
28.791
29.1333
29.2415
29.2579
28.7887
28.9815
28.7731
29.1445
29.1642
28.785
28.958
28.8414
28.9185
29.0909
28.7099
28.8288
29.1429
29.0007
29.0004
28.9944
28.6251
28.9203
28.7491
28.8902
29.0695
29.305
28.5991
28.6631
28.6317
28.9423
29.093
29.2181
28.5401
28.5921
28.8644
28.8381
28.9083
28.5656
28.8987
28.7058
28.5857
29.0036
29.0261
29.0384
28.7269
29.0784
28.8643
28.8095
28.731
28.5135
28.7638
28.7622
28.8044
29.1131
28.914
28.8558
29.1981
28.9297
28.9195
28.9087
28.7709
28.8289
29.0215
29.5826
28.9395
29.1514
28.9636
29.1459
28.828
29.2389
29.1844
28.8601
28.6204
28.9438
28.951
29.0844
28.7963
29.1578
29.1336
28.6895
28.9336
29.0428
28.5391
28.9882
28.5969
28.953
29.0613
28.3663
28.7138
28.9294
28.6442
29.2503
28.5022
29.2416
28.9963
28.855
28.8962
29.0626
28.7773
29.0115
29.4256
28.7484
29.1034
28.9714
28.9926
28.9898
29.0363
28.7409
28.4559
28.5255
28.7266
28.7198
28.9822
29.0504
29.1132
28.6436
28.8825
28.9919
28.9663
29.0087
28.6178
29.0953
28.8604
28.9333
28.7111
28.7744
28.4355
28.6507
29.116
28.3553
28.7044
28.5777
29.015
29.1097
28.5557
28.3385
28.39
29.031
28.9569
28.8941
28.8884
28.5135
29.2114
28.9304
28.7794
28.7047
29.1572
28.913
29.0116
28.5742
28.3885
28.6964
28.8026
28.8902
29.0986
28.5855
28.772
28.524
28.7423
28.5827
28.8768
28.7243
28.6182
28.7238
28.6348
29.2008
28.4767
28.9
28.8403
28.8152
28.7674
28.7087
28.9715
28.8084
28.2993
28.788
28.9941
28.7236
29.4216
28.8229
28.7621
28.7547
29.2055
28.5512
29.1058
28.6163
28.688
28.6768
28.8482
29.1219
29.1469
28.7011
28.6787
28.9523
28.4542
28.6497
28.8192
28.7611
28.467
29.1788
28.8578
28.7896
28.9861
29.0398
28.6286
28.6824
28.4541
29.104
28.6381
29.0712
29.0385
28.3122
28.8488
28.9359
28.9683
29.0311
28.9138
28.6143
29.0425
28.9564
28.8597
28.9867
28.5273
29.1101
28.8004
28.8495
28.4301
28.8029
28.757
29.1741
29.2891
28.9847
29.4759
28.9304
28.9836
28.8255
28.9225
29.196
28.9125
28.3197
29.0237
29.1287
29.1215
28.8239
28.6346
28.9543
29.0389
28.8189
28.908
28.8177
28.9437
29.1989
29.0137
28.7274
28.896
28.4882
29.1979
29.0993
28.8526
28.6885
29.0128
28.5218
28.7403
28.8521
28.5885
29.0784
28.945
28.808
28.976
29.2282
28.8139
28.8072
29.0739
28.8061
28.606
29.1258
28.9139
28.6155
28.755
28.588
29.3408
28.568
28.9895
28.6682
28.9588
28.8985
28.8209
28.4971
28.6663
29.0982
28.9107
28.9821
29.0666
28.6007
28.9706
28.7101
28.936
28.7302
29.0166
29.0797
28.884
28.707
29.0467
29.0363
28.8156
28.4015
29.209
28.9024
28.9275
29.1001
28.8696
29.1954
29.0629
28.9202
28.9748
29.0998
28.6846
28.4037
28.8359
29.0316
28.5782
28.6685
28.7941
28.6802
28.5492
28.7532
28.8542
28.9227
29.2108
28.8135
28.8911
28.9955
28.7477
28.9749
29.0245
28.9175
28.7324
28.6449
29.3026
28.7847
29.0181
28.5596
28.6788
29.1649
28.5734
29.0014
28.4529
28.7988
28.758
29.2128
29.0135
28.9567
28.7612
28.9298
28.6106
29.0041
28.8253
29.0313
28.4698
28.7492
28.8496
29.0022
28.713
28.669
29.0816
28.8705
28.7316
28.3601
28.6217
29.0203
28.8545
29.1689
28.7051
28.6351
28.7576
28.8382
29.0754
28.3942
28.9888
28.9042
28.8908
28.9722
28.7887
28.9384
28.6451
28.8411
28.8027
29.0399
29.0246
29.4789
29.0796
28.9801
29.0741
28.9006
28.761
28.9075
28.863
28.6653
28.8934
28.5221
29.0809
29.0388
28.7837
28.7819
28.9828
28.4668
28.9696
29.1633
29.1072
29.0132
28.9669
28.7205
29.4744
29.2933
28.632
29.3341
28.8924
28.9552
29.0739
28.8466
29.5671
28.9494
29.1089
28.7357
28.919
28.9001
29.4
29.0537
28.8922
28.9512
29.2082
29.2161
29.0293
28.9582
29.1685
29.4343
28.9163
28.8083
28.9308
29.587
29.0582
29.1185
29.0211
29.0455
29.4949
28.5578
28.9185
29.0662
28.7419
29.0375
28.9364
28.9163
28.2884
29.2327
29.0154
29.1238
28.7424
28.3555
29.132
29.1948
28.6698
29.6215
29.1926
29.0086
29.1348
29.4504
29.0143
28.7654
29.2969
28.9216
29.2199
29.1144
29.4626
28.5195
29.0971
29.0142
29.1167
29.4796
29.0454
28.5901
29.2173
29.1822
29.3512
29.3467
28.8236
29.129
28.6709
29.0017
29.0621
28.9551
28.9703
29.198
29.0295
28.8797
28.8081
29.2921
29.3478
28.8964
29.251
28.8069
29.1824
28.906
29.3068
28.8997
29.0352
29.1429
29.0179
29.2035
29.0389
29.041
29.3232
28.892
29.139
29.22
29.3961
28.6046
29.0503
29.2261
29.3374
29.1929
28.9172
29.1047
29.1752
28.9467
28.6416
29.0285
29.1623
28.7514
29.2703
29.0425
29.0481
29.1337
29.0989
29.1133
29.1989
28.8263
29.7184
29.2534
29.0679
29.417
29.2258
29.2451
29.0484
29.3341
29.1168
29.084
29.5128
29.3784
29.505
29.089
29.1632
28.9797
28.7204
28.9677
28.8416
29.3664
29.2444
28.7106
28.9321
28.6706
29.2119
28.9095
28.6855
29.1066
28.5362
29.2368
28.7683
29.0884
29.2172
28.8268
29.1773
28.6586
28.9427
28.9881
29.1617
29.314
28.7813
29.3984
28.7028
29.0623
29.0981
28.7596
28.9832
28.73
28.6896
29.084
28.8053
29.0524
29.1188
28.9328
29.0084
28.6897
29.1735
28.963
29.0161
28.5837
29.2691
28.7996
28.7309
29.0157
28.7911
28.5716
29.0835
28.9241
28.9579
28.8511
29.0486
28.8319
29.0856
28.9459
28.8683
28.884
28.9308
29.0342
29.0729
29.2267
28.79
28.6583
28.6664
28.8199
29.014
28.9816
28.8068
29.2014
28.8674
28.96
29.3149
29.0825
29.0417
29.1061
29.4003
28.7121
28.9552
28.573
28.8647
29.3577
29.062
28.8631
28.9514
29.0259
29.4246
28.8355
28.8311
28.6776
29.0877
28.9674
28.9694
28.9622
28.9495
28.6277
28.7679
28.9529
28.9009
28.7498
28.5289
28.9774
28.6559
28.7344
28.8169
28.9365
29.0284
28.9541
28.7252
29.034
28.4567
28.8256
28.9099
29.2786
28.7409
28.8359
29.1619
28.9322
28.709
28.2748
29.0819
28.927
28.7242
28.8312
29.1575
28.5143
28.7235
28.7614
28.4108
28.9604
29.2406
28.6152
28.8227
29.0018
28.8133
29.3867
28.6717
29.0452
28.9746
29.2437
28.7247
28.8276
28.9809
28.7995
28.7683
29.5848
28.9247
28.6763
29.3214
29.1192
29.5057
28.6268
28.9418
28.8063
28.8008
28.6863
28.8477
28.6206
29.4155
29.0845
28.5883
28.7602
28.4653
28.8244
28.7828
28.7618
29.1566
28.9435
28.7881
29.3163
29.0937
29.088
28.9375
29.0094
29.114
28.5219
29.1047
28.9017
29.4302
28.7653
28.5043
29.0532
29.0595
28.8738
28.8644
29.0876
28.9518
29.2047
29.3648
28.7027
28.623
29.1945
29.2076
28.9706
28.6838
29.0851
29.0346
28.8751
28.8267
28.9934
28.6566
28.672
29.0734
28.7846
29.0773
28.7027
28.8291
28.9551
28.6597
28.9594
29.2711
29.4639
28.7553
28.5914
29.0485
28.7248
28.6068
29.2081
28.9645
28.9384
29.1896
28.8974
29.0723
28.8718
29.0798
29.2105
29.1535
29.0996
29.2315
28.9808
29.0375
28.7482
29.0842
28.9227
29.079
28.8003
29.0325
28.9885
28.9816
29.3052
28.7859
28.5059
28.8808
28.3869
28.6841
28.4826
28.4201
28.5851
28.9412
28.8844
29.1652
28.6459
28.8467
28.8055
29.0874
28.2763
28.8393
29.0382
28.8373
28.7154
28.8362
28.8874
29.1937
28.5564
28.0566
28.7416
29.0255
28.4941
28.6482
28.9336
29.0406
28.6702
28.6216
28.9642
28.6133
28.3662
28.7768
28.9946
28.9191
29.1079
28.669
28.6561
28.9939
28.7742
28.7807
28.8673
28.6512
28.9845
28.939
28.7961
29.077
28.8729
28.7912
29.2281
29.2663
29.1106
29.0406
28.8023
29.1354
29.1522
28.7056
29.1108
28.8193
28.8315
28.9705
28.5676
28.7605
28.7119
28.7819
28.763
28.6139
28.9433
28.9387
28.4094
28.6162
28.907
29.0672
28.4677
28.6816
28.9226
28.6744
28.8041
28.5921
28.924
28.7365
28.8125
28.7276
28.6538
29.1106
28.6546
28.8527
28.5725
28.5608
28.7564
28.6775
28.9308
28.6316
28.8353
28.9455
28.5537
28.6484
28.7851
28.9306
29.0735
28.5508
28.9254
28.8467
28.7511
28.8063
29.2955
28.6591
28.6657
29.0259
29.061
28.6694
28.8308
28.9727
28.6964
28.9334
28.4
29.0588
28.8577
28.9437
28.8261
28.5725
28.6604
28.9232
28.5391
28.863
28.9194
28.8733
29.1533
28.6645
28.6321
28.9863
28.9074
28.8694
29.137
28.6365
29.2045
28.8483
28.5941
28.5689
28.7512
28.5284
28.5069
29.1024
29.1313
29.3018
29.1596
28.935
29.081
28.5485
28.9778
28.5952
29.1175
29.4346
28.8863
29.1469
29.0426
28.9567
28.7898
28.9782
28.8912
28.9946
28.8778
29.3818
29.1327
28.6921
28.877
29.0915
29.3744
29.128
28.8812
29.0427
29.1592
28.8495
28.8275
28.8767
29.216
28.7849
29.0013
28.6583
28.6185
29.2606
28.6807
29.2142
28.8937
28.8317
28.9754
29.1729
28.9727
29.0891
28.7291
28.9079
29.2419
29.092
28.8561
29.1726
29.5757
29.2262
29.4641
28.8863
29.1465
29.3187
29.33
29.0747
28.8087
29.3736
29.1822
28.7318
28.9376
29.2144
29.0785
29.2582
29.0524
28.9797
28.7436
28.6785
28.5372
28.8149
28.682
28.5023
28.4599
28.9147
28.7051
28.7351
28.4651
28.5747
28.4249
28.5237
28.9368
28.6664
28.7561
28.6483
28.5571
28.7092
28.9088
28.52
28.1969
28.4349
28.6856
28.3293
28.8433
28.4596
28.6793
28.6285
28.0616
28.2372
28.5463
28.4863
28.5836
28.7858
28.94
28.7945
29.0169
28.6639
28.4257
28.4975
28.7392
28.5576
28.8778
28.7159
28.5925
28.4894
28.8442
28.5634
28.6244
28.6084
28.7653
29.1149
28.9244
28.7621
28.6672
28.8639
28.5987
28.3345
28.8416
28.391
28.9666
28.8061
28.4465
28.801
28.2532
28.497
28.6761
28.361
28.9244
29.1391
29.014
29.2728
28.8321
29.1523
28.7667
28.5955
28.6992
28.7483
28.6691
28.6962
28.6772
28.5455
29.0337
28.6231
28.7505
29.0918
28.5718
29.2394
29.1125
29.0582
29.0947
28.4918
28.9143
28.788
28.7401
29.0272
28.5933
29.168
28.9038
28.8045
29.2429
28.7262
28.924
28.948
28.9697
28.5522
28.6033
28.7368
29.0433
28.8875
29.1298
29.0859
28.6307
28.7302
28.9165
29.1204
28.9972
28.6119
29.0944
28.9526
28.8871
29.3689
28.9407
28.5724
29.1731
29.1806
28.8768
29.2209
29.0478
28.695
28.9767
28.7668
29.0336
29.0257
28.9705
28.8055
28.5107
28.884
28.8447
29.0063
28.8241
28.8494
28.6855
28.6573
29.0903
29.0325
28.7454
28.7429
29.1185
29.0772
28.906
28.9661
29.0732
28.8565
28.8
28.8045
28.5828
28.8886
28.6484
28.925
28.9136
29.1398
28.4945
29.0577
28.4909
28.7376
29.1326
28.6348
28.2159
28.697
28.9799
28.4956
28.9997
28.7358
28.6357
29.3324
28.8283
28.4928
28.8454
28.9174
29.2592
28.8922
28.932
29.062
28.9375
28.71
28.8793
29.1116
28.796
28.9982
28.7911
29.3316
28.9441
29.2156
29.0925
28.7813
29.0195
28.6662
29.0282
28.9691
28.7338
28.6698
29.0253
28.6742
28.8269
28.8975
28.89
28.7416
28.5346
29.0618
28.7247
28.848
28.8468
28.8745
28.6749
28.8677
29.2462
28.863
28.9223
28.7573
28.8414
28.9869
29.1426
29.0502
29.0473
28.965
28.9526
29.0008
28.7583
29.1393
28.879
29.0008
29.0396
29.049
29.2732
28.6124
28.4756
28.7992
29.0659
28.5322
29.2395
28.9318
28.9173
29.0317
29.1066
28.9529
28.9116
28.7194
29.106
28.9928
28.8207
29.2241
28.7447
28.7771
29.2151
29.1017
28.9104
28.8915
29.0543
29.2306
29.1324
29.0471
29.1102
28.6233
28.8365
29.2801
28.6822
28.8348
29.2944
28.5861
29.0286
28.5531
28.8776
29.0303
28.9829
28.8375
29.2446
29.1701
29.0131
29.161
28.8148
29.2204
28.5284
28.9596
28.6131
28.9598
29.062
28.684
28.7817
29.2473
28.8071
29.096
29.0607
28.8884
28.825
28.5622
29.3038
29.0518
29.0867
28.7123
28.8728
28.888
28.9193
28.6409
28.7872
29.1386
28.6686
28.9352
29.0702
29.3003
28.9213
28.8357
28.6978
28.6652
29.0187
28.9072
28.8211
28.6261
29.1278
29.2281
28.6016
28.7199
28.6543
28.9053
28.7491
28.6675
29.1712
29.1798
28.895
28.8244
29.0763
29.1953
28.5709
28.5527
28.9075
29.0063
28.8998
28.7956
28.8287
28.8595
28.8456
28.7643
29.1318
29.0574
28.5004
29.1218
28.593
29.0698
28.6012
28.3715
28.9826
28.5105
28.7576
28.6818
28.7796
28.8379
29.0103
28.6536
28.8941
29.0243
29.2163
28.5921
28.5628
29.1152
29.1201
28.9901
28.9818
28.7363
28.7586
28.6998
28.8385
29.1238
28.8713
28.9438
28.6536
29.0337
28.5519
28.672
28.8878
28.8132
28.6888
29.3404
28.8346
28.8293
28.7064
28.6878
28.8019
28.9641
28.9111
29.0855
28.8349
29.3088
28.963
29.1285
29.0045
28.8582
28.9396
28.7733
28.626
29.0382
28.9263
29.6153
28.4435
28.5548
29.024
28.6088
28.8892
28.5755
28.8571
28.5995
28.8826
28.6354
28.997
28.8538
29.0456
28.8935
28.9394
28.8863
29.1122
28.6726
28.731
28.7718
28.8815
28.7742
28.94
28.8447
28.3433
29.0439
28.8452
29.0499
28.6126
28.7613
28.9334
28.818
28.8041
29.245
28.6849
28.283
28.9749
28.7138
28.5662
29.4045
29.2981
28.5699
29.1082
28.8285
28.8549
28.9639
28.8583
28.7922
28.7483
28.6636
29.0764
28.9524
28.9541
29.3627
29.0653
29.0414
28.9266
28.6661
29.0545
29.0438
28.8872
28.7398
28.7261
28.6582
29.0902
28.8932
28.8429
28.6847
29.084
28.6288
28.3762
28.5453
28.8299
28.5675
28.9976
28.899
28.8417
28.6499
28.7464
29.0174
28.7256
28.8404
28.4644
28.9649
28.7183
28.811
28.8207
28.7155
28.83
28.5645
28.855
29.139
28.5634
28.796
28.9709
28.5783
28.4731
28.9042
28.5272
28.7274
28.6465
28.6548
28.9701
28.9336
28.4091
28.6312
28.6183
28.6541
29.1351
28.9341
28.6649
29.3054
28.5608
28.4875
28.8936
29.0724
28.9348
28.5156
28.7621
28.783
28.804
29.164
29.1849
28.7955
28.7522
29.1138
28.5823
28.9428
28.6126
28.6646
29.1317
28.6614
28.7968
29.0296
28.8958
28.9095
28.7441
28.8626
29.5261
29.2316
28.4977
29.0562
29.4227
29.1021
28.7235
29.4261
29.0488
29.4454
29.1029
29.3083
29.1779
29.1105
29.1977
29.3676
29.0615
29.325
29.015
28.7319
29.0573
28.8765
28.6148
29.2468
29.0634
29.3524
29.0501
28.8766
28.9661
29.2028
29.4385
28.9005
28.703
29.2138
28.7949
29.3271
29.156
28.7956
28.873
29.0816
29.3637
29.2807
28.7475
29.4444
29.2608
28.9931
29.2091
28.8303
29.2865
28.9775
29.3762
28.9714
28.9494
29.0048
28.5207
28.9566
29.0521
28.8649
29.0741
28.7295
29.1011
28.6186
28.5589
28.8674
28.9466
28.9015
28.9978
28.7345
28.6748
28.591
28.5254
29.148
28.7048
28.7669
28.3928
28.4503
29.3677
28.7865
29.105
28.4793
28.6178
28.7138
28.5729
28.338
28.5073
28.5089
28.6278
29.0254
28.3397
28.6528
29.1429
28.7011
29.0185
28.8381
28.3075
28.5297
28.7589
28.5155
28.5481
28.9738
28.2361
28.7642
29.1487
28.8034
28.6281
28.8651
28.759
28.9387
28.5226
28.8949
28.8238
29.2578
28.8454
28.5032
28.9247
28.8672
28.2233
28.8749
28.5653
28.8243
28.9784
28.5696
28.8079
29.0038
29.0327
28.9452
29.0979
28.7122
28.9668
28.7839
28.7996
29.1561
28.9745
29.2125
29.0061
28.9423
28.5709
28.8869
28.644
28.7953
28.3708
28.7135
29.075
28.8418
28.6733
29.1352
28.8403
28.6876
29.1018
28.8648
28.9044
29.0582
29.2617
28.9482
28.8552
29.2396
28.6699
28.9468
28.6935
28.9528
29.0439
29.0911
29.0128
28.6115
28.7332
28.9788
29.1008
29.1723
28.7519
29.2229
29.0625
29.0741
29.0429
29.332
28.6271
29.2431
29.0527
28.9524
29.1002
29.0849
29.5594
28.7687
28.7672
29.2317
29.0886
28.6562
28.9827
28.85
28.6667
28.7177
28.7958
28.7684
29.2034
29.2053
28.6372
28.7894
28.6734
29.1571
28.7307
28.6867
28.3382
29.0247
28.7162
28.6749
28.6196
28.7562
28.7887
28.5396
29.1071
28.8247
28.982
29.2232
28.6183
28.6067
28.5752
28.8558
29.1579
29.3005
28.6892
29.0627
29.0984
28.8756
28.7429
28.9087
28.738
28.7938
28.8541
28.9667
29.0745
28.8474
29.6171
28.8698
29.0141
28.9898
28.8221
29.0878
29.1917
28.5998
28.8773
28.5601
28.9517
28.7445
28.5654
28.7758
29.2085
28.7379
29.1138
28.7878
28.5691
29.0387
28.7292
29.2432
29.3469
29.0137
28.9095
28.4308
28.7022
28.8614
28.7236
28.8331
28.8414
28.9581
28.8119
28.9748
28.8842
28.8173
28.945
29.2353
28.562
28.8076
29.1253
28.9211
28.8369
28.7121
29.0558
29.3049
29.3347
28.9105
28.6106
28.945
28.7464
28.8813
28.703
28.7701
28.8453
29.0073
28.8367
28.7267
29.0666
29.1986
28.7103
28.9189
28.8127
28.7284
28.9826
29.2221
28.7769
29.2817
28.8883
28.7995
28.5969
28.808
28.5958
28.624
29.3186
28.9442
28.7654
29.0016
28.771
29.0115
29.037
28.6977
28.8019
28.8841
29.04
28.9618
28.9267
28.7328
29.0989
28.6715
28.4314
28.6516
28.8673
28.6129
28.8904
28.9108
28.7795
28.6522
28.6561
28.9612
28.9157
28.8787
28.4409
29.2231
28.9238
28.9602
28.7407
29.0603
28.742
28.8155
28.9722
28.7875
28.6348
28.8739
29.0128
28.9493
29.2545
29.2304
28.9159
29.0851
28.6594
28.4412
28.7604
29.0423
28.7117
28.6744
29.0057
29.0135
28.8445
28.8551
28.9484
28.9383
28.6575
28.5684
28.925
28.7729
28.8937
29.1822
28.8924
28.9805
28.3502
29.1286
28.5015
29.1034
28.2677
28.8786
28.9274
28.5394
28.9439
28.8542
28.7272
28.846
28.9853
28.695
28.8964
29.0832
28.9415
29.0075
28.9707
28.9227
29.1978
28.6935
28.8536
28.9703
29.5193
29.1343
28.6796
28.9265
29.1698
28.8372
29.1529
28.6226
28.8284
29.2284
28.8314
28.5663
29.1304
29.2901
28.9525
29.272
29.4017
28.9595
28.8845
28.895
28.9732
28.928
28.5714
28.9572
28.9229
28.8655
29.1418
28.7303
29.0079
29.1822
28.8509
29.3791
28.5713
29.0063
28.6262
29.091
29.1401
29.3307
28.7464
28.8752
28.7215
28.7019
29.1461
28.9632
29.0627
29.1962
28.7182
29.1061
29.0153
28.9586
28.7719
28.931
28.9357
29.0253
28.9527
28.764
29.0273
29.142
29.1108
28.8588
29.122
29.0312
29.0097
29.1518
29.0882
29.2804
29.0171
29.0379
29.2831
29.4003
29.3489
29.3195
28.7901
28.7388
28.6021
28.8065
29.3821
28.8201
28.8709
29.0474
28.7242
28.726
28.9169
28.8901
29.175
29.2165
28.5303
28.63
28.8455
28.7156
29.1179
28.5976
29.1015
28.8212
28.8364
28.8495
28.702
28.8194
28.7327
29.2209
28.699
28.5049
29.0873
29.0088
29.0494
29.1117
28.4778
28.9883
29.0494
29.0833
28.6774
28.7433
28.8742
28.4994
29.163
29.1169
28.9523
28.5553
29.0515
28.7058
29.0069
28.8575
28.7952
29.1891
29.129
28.789
28.761
28.8632
28.4516
28.5476
28.8043
28.8921
29.1174
28.7009
28.8379
28.8354
28.6821
28.8784
28.8397
28.6598
28.8598
28.6535
28.7732
28.7979
28.7565
28.4114
29.187
29.0692
28.994
28.3302
29.0991
28.587
28.5984
28.9403
28.4587
29.0356
29.0159
28.9698
28.5786
28.564
28.8215
28.8842
28.7148
28.6306
28.9608
28.6616
28.7421
28.9078
29.2195
28.3904
28.6432
29.0302
28.9026
28.64
28.7485
28.9279
28.2375
28.8006
28.8362
28.7352
28.6088
28.9852
28.1158
29.0898
28.7744
28.7639
28.4086
28.4819
28.6456
28.921
29.2499
28.9386
28.6908
28.5582
28.9345
29.2972
28.9728
29.1761
28.6638
28.8836
28.5977
28.6031
28.8062
28.7416
28.8549
28.6212
28.9069
28.8448
28.7638
29.0415
28.9116
29.0277
28.4096
28.964
28.5888
29.1503
29.1399
29.1291
29.144
28.9313
28.59
29.1969
28.93
29.0763
28.9667
28.846
28.9455
28.938
28.9367
28.5529
29.2132
28.86
28.9214
29.0058
28.8485
28.9574
29.1429
28.9417
28.9616
29.0828
28.4529
28.762
28.8595
28.7941
28.6774
28.6785
28.6934
29.0949
28.9836
28.9315
29.1048
29.0572
28.6793
28.7426
28.3915
29.0173
28.5306
28.6457
28.9006
28.6181
28.942
28.7691
28.8205
28.663
28.7846
28.5839
29.2816
28.7101
28.6602
29.1017
28.9848
28.7283
29.3468
28.9088
29.1803
28.4288
29.0903
28.8184
28.6162
29.2527
28.982
29.142
28.9274
28.6969
28.5133
28.6513
28.8659
28.4849
28.9539
28.589
28.8047
29.0286
28.5758
28.7291
29.297
28.8089
29.1882
28.7308
28.8919
29.0574
28.6792
28.9132
29.0545
28.808
28.7029
29.063
28.9975
29.111
28.8891
28.9386
28.8248
29.0379
29.15
28.8907
28.8923
28.8138
28.8771
28.8997
28.9919
28.8654
29.1151
29.0383
28.941
29.0911
29.1817
28.8018
28.9746
28.8837
29.414
28.9641
29.3019
28.8678
29.3116
29.0529
29.0113
28.6853
29.1557
29.3564
28.9028
29.0127
28.5393
29.2294
28.8653
28.9064
28.5405
28.691
28.9165
29.1874
29.3716
29.1181
28.9899
28.7516
29.3255
29.0088
29.0905
28.3462
28.7498
29.0313
28.9453
29.0012
29.0952
28.8149
28.9399
28.9331
29.2233
29.0194
28.8925
29.6945
29.2925
29.3878
28.9215
29.4604
28.8819
29.1485
29.1805
28.889
28.9424
29.4654
29.0715
29.2077
28.8139
29.2549
28.9089
29.2975
28.9887
28.7374
29.0788
29.2438
28.7515
29.2038
29.0666
29.1585
29.2318
28.87
28.9581
28.7661
28.5558
29.2264
28.7591
28.7115
28.6911
28.5879
28.7946
28.6094
28.4939
28.9479
28.368
29.0622
28.634
28.8916
29.2104
29.1371
28.8519
28.9791
28.7517
28.8323
28.9878
29.1143
28.7885
28.9479
28.7381
28.7293
29.0321
28.8394
29.1189
28.6543
29.3295
29.0285
28.8344
28.7821
29.0809
28.8144
29.5389
28.8795
28.5069
28.4299
29.0089
28.7908
28.9032
28.5615
28.9741
28.6031
28.4707
28.8245
28.6488
28.9441
29.2665
29.0038
28.6107
28.3972
28.7373
28.7656
28.3013
28.9398
28.5758
28.7688
28.7814
28.522
29.0521
29.0896
28.3921
29.165
28.3863
28.3869
28.7451
28.7799
28.6413
28.8842
28.6921
28.8791
28.5876
28.5019
28.6544
28.6026
28.6881
29.0537
28.8223
28.5624
28.7046
28.5816
28.8289
28.9501
28.7065
28.6668
28.8576
28.2652
28.691
28.9785
29.1646
28.7185
28.4278
28.6011
28.6462
28.6241
28.3589
28.724
28.6326
28.7302
28.5007
28.5624
29.1165
28.732
28.6064
28.4218
28.319
28.8421
28.6265
28.477
28.3031
28.495
28.4683
28.8177
28.6361
28.6587
28.8378
28.7009
28.6858
28.5042
28.7546
28.4117
28.4435
28.7293
28.7934
28.7186
28.4576
28.7853
28.3566
28.5923
29.0836
28.1137
29.0953
28.4644
28.125
29.0034
28.7826
28.8832
28.83
28.5084
28.6799
28.9962
29.0396
28.8047
28.9379
29.1247
28.6317
28.9671
28.7215
29.241
29.0521
29.2065
28.9633
29.2587
28.9834
29.0632
28.8807
29.1591
28.9626
29.3299
28.8561
29.0673
28.9492
29.2142
28.8259
29.0373
29.0209
28.8343
29.113
29.1817
28.9809
28.9752
29.0056
28.9325
29.3345
29.2993
29.2056
28.3665
28.7296
28.9561
28.9983
28.911
29.114
29.135
28.9893
28.7746
28.9034
28.8665
28.5906
28.6417
28.9334
28.8061
28.2634
28.9452
28.6458
28.7558
28.6941
28.7455
28.8971
28.921
29.0825
28.5358
28.5933
28.897
29.0109
28.9826
28.9422
29.0475
29.2107
28.7853
28.9626
29.0912
28.4988
29.0805
28.8971
28.8666
28.6643
29.0946
29.1276
28.9899
29.0633
29.3365
28.6933
28.8087
28.604
28.4757
28.8359
28.747
28.8621
28.8487
28.3733
28.9199
28.4431
29.0524
28.965
28.6953
28.5944
28.823
29.0552
28.5143
29.3477
28.9832
28.5794
28.9789
29.1938
28.8147
28.71
28.6093
29.1065
28.8046
28.7148
28.5528
29.2272
28.88
28.7673
28.8995
28.7221
29.0879
29.1213
29.035
29.0568
28.7314
29.4307
28.3845
28.8447
29.3038
28.745
28.9886
28.9851
28.745
28.9651
28.7744
28.7622
28.9264
28.5571
28.9784
28.8452
28.8801
28.6818
28.7944
28.6988
28.4572
28.6169
28.8194
28.7516
28.9837
29.061
28.5067
28.4437
28.546
28.4757
29.0505
28.9419
28.8124
28.474
29.366
29.0004
28.7552
29.2204
28.3767
28.204
28.9271
28.806
28.8454
28.6978
28.8242
28.8337
28.9158
29.1599
28.7565
28.8329
29.3376
28.5496
28.7425
28.6299
28.9076
28.442
28.873
28.3653
29.0761
28.851
28.8217
28.7235
28.6236
28.3722
28.9457
28.9213
29.0218
29.2187
28.7297
28.7122
28.937
28.8309
28.8671
29.2108
28.7923
29.0721
29.125
28.8905
28.6053
28.5851
28.8804
29.0156
29.3874
29.2064
28.913
29.1532
29.2652
28.7055
29.0151
29.3071
28.7197
29.0084
28.9627
28.7311
28.739
28.9292
29.0914
28.882
28.5129
29.2824
28.9175
28.8428
28.9337
28.9967
29.0169
29.0641
28.5776
28.9125
29.4004
29.1435
28.7868
29.5212
28.7064
29.1246
29.0312
28.9429
28.4678
29.079
28.5978
28.934
29.1049
28.6761
29.1302
29.2407
28.9362
29.0349
28.9895
28.966
28.8353
29.3798
29.0013
28.7995
28.991
29.1178
28.8552
29.2562
28.6821
28.7054
28.5723
28.8992
28.8809
28.7785
28.4845
28.9025
28.5282
28.8598
28.488
28.8406
28.6928
28.8319
28.9067
28.8266
28.7627
28.9656
28.639
28.877
28.743
28.7245
29.035
28.9927
28.6529
28.6652
28.7451
28.7094
28.8336
28.8119
29.1058
28.71
28.4925
29.1032
28.662
29.0205
28.5686
29.1435
28.5685
28.73
28.724
28.5631
28.6586
28.576
28.9975
28.7763
28.6461
28.6322
28.3009
28.8108
28.6632
28.9676
28.7295
28.5372
28.732
28.5004
28.7397
28.5444
28.6146
28.7697
28.6886
28.3069
28.7863
28.5275
28.6002
28.596
28.5052
28.8194
28.7489
28.754
28.7043
28.8599
28.7264
28.4594
28.6596
28.9045
28.5954
28.5749
28.742
28.8914
28.8978
28.6407
28.772
28.9839
28.9369
28.4975
28.8974
28.8725
28.7933
29.0547
28.9592
29.1257
29.0997
28.8724
28.8623
28.8698
28.8626
28.9474
29.2024
28.9596
28.9225
28.8388
28.9018
28.6855
29.4126
28.713
29.2687
28.9278
29.1098
28.7994
28.9036
28.8006
28.8253
28.8447
29.1858
28.7647
29.0012
28.9378
28.6309
28.6037
28.9054
29.1722
28.6717
28.6273
28.5459
28.6404
28.9773
28.7555
28.8233
28.5393
28.7268
29.0837
28.8013
28.5651
29.0447
29.0086
28.7758
28.6803
28.9156
28.8065
28.9126
28.9449
28.6158
28.731
28.544
28.6917
28.7782
29.2076
28.656
28.7426
28.8602
28.9817
28.5507
28.9742
28.576
28.5248
28.8443
28.541
28.5551
28.5826
28.8041
28.6351
28.8894
28.7535
28.5692
28.9808
28.4817
28.8276
28.6297
28.6656
28.6733
28.7282
28.6415
28.6579
28.5017
28.4319
28.7076
28.5775
28.9592
29.0688
28.5803
28.9617
28.4888
28.5648
28.5068
28.1759
28.5333
28.9371
28.4532
28.6127
28.7931
28.771
28.6895
28.4652
28.7555
29.0756
28.8586
29.318
28.855
28.7976
29.0121
28.8978
29.6458
28.6738
29.4268
29.0156
29.0365
28.8957
29.2144
28.7511
29.0501
28.8781
29.2906
29.1478
29.2753
28.8166
29.2003
29.2303
28.9322
29.093
28.8212
29.1266
29.0024
28.9972
28.9536
28.8718
28.868
28.7736
28.9781
29.1175
28.7412
28.9461
28.536
28.9074
28.7583
28.5999
28.8693
28.859
28.6888
29.0211
28.5925
28.7406
29.2138
28.6119
29.0968
28.8156
29.1417
29.2102
29.0601
28.5491
28.6892
28.8181
29.0819
28.7824
28.8233
29.3417
28.915
28.5128
28.4797
28.7405
28.8499
28.8332
28.8555
28.8178
28.9731
28.9242
28.6654
28.881
28.8051
28.8087
28.5203
28.8722
28.9014
28.8249
28.7743
28.8707
28.8632
29.0334
28.7145
29.0546
28.7395
28.8874
28.7751
28.461
28.682
28.6182
28.8813
28.7542
29.2182
29.0267
28.5692
28.9603
28.8327
28.7716
28.9531
28.1845
28.898
28.2931
29.0697
28.6684
28.471
28.9664
29.0903
29.0519
28.955
28.9402
28.756
29.058
28.6383
28.9873
28.9615
29.4122
28.9977
29.093
28.8799
28.6646
29.0709
29.0961
29.0187
28.709
29.1144
29.0154
28.764
28.8933
29.088
29.3308
29.1048
29.2443
28.9434
28.6564
28.5558
28.6961
29.1722
28.7496
28.9028
28.853
28.7812
28.8174
29.1668
29.0256
29.2707
28.785
29.1443
28.7552
28.9625
28.8833
28.5677
29.2912
29.2473
28.8848
28.8438
28.9575
28.9467
28.8937
28.7954
28.7871
28.8279
28.6513
29.0512
28.8366
28.6067
28.8338
29.0561
28.6432
29.019
28.9907
28.5692
28.647
28.8681
28.6662
29.1119
28.917
29.445
28.9106
28.7879
28.9977
28.871
28.8268
29.1282
29.0398
28.4994
29.3326
28.9521
28.9035
29.1228
28.5517
28.6458
28.8058
28.5236
29.0431
28.6738
28.6195
29.0917
29.0634
28.8604
28.7446
28.917
28.7099
28.8963
28.821
28.3464
28.862
29.0919
29.0827
28.6193
29.0244
29.259
28.6833
29.2025
28.9269
28.8626
29.1291
28.4358
28.8765
28.9794
28.6681
28.835
28.7638
28.8334
28.4686
28.7923
28.6892
28.6685
28.5222
28.6775
28.8741
28.7928
28.7732
28.5106
28.9874
28.6433
28.7373
28.7157
28.8331
28.5666
28.9687
28.5557
28.9274
28.8391
28.6941
28.6537
28.8592
28.5132
28.7424
28.9553
28.7033
28.7893
28.922
28.8221
29.1921
28.7172
28.8351
29.2383
29.2015
29.0714
29.3072
29.4183
29.1906
28.9257
29.1572
29.36
28.7998
28.9397
29.1838
28.7686
29.3456
28.875
28.789
29.484
28.8639
28.9666
28.8741
28.9458
29.2588
28.9446
28.9229
29.1215
28.8568
28.9997
28.8974
28.6867
29.1109
29.1528
28.8589
28.938
28.8391
28.8412
29.2362
29.1475
28.7588
28.6745
29.0516
29.1808
28.8133
29.1822
29.033
28.7648
28.8774
28.7855
28.8992
29.0195
28.7397
28.8171
28.6443
29.0477
28.7662
28.9787
28.7846
28.8091
29.0194
28.7662
29.0525
29.0676
28.6647
28.6453
28.7755
28.6055
28.8949
28.6568
28.8787
28.8849
29.1448
28.8729
28.7001
29.0255
29.2175
28.9666
29.0846
28.9154
28.8048
29.0324
29.1182
28.6469
28.5788
28.9612
29.1157
28.8236
29.1851
29.2492
28.771
29.0203
29.0697
28.514
28.561
28.5101
29.0567
28.3974
28.9563
28.81
28.561
28.8812
28.9118
29.1824
29.0019
29.5534
28.7323
29.1262
29.0619
29.568
28.8698
28.8248
29.2187
28.5269
29.3112
28.9125
28.9771
28.8096
28.9356
29.0499
28.8984
28.7712
28.9395
28.7753
29.0583
29.0425
28.8938
29.1705
28.8728
28.9778
28.5307
29.3328
29.0572
29.0401
28.5536
28.4481
28.9585
28.7182
28.489
28.9784
28.8482
29.0086
28.4196
28.7459
28.9845
29.1814
28.413
28.7932
29.2488
28.795
28.6079
28.7643
28.8074
29.1274
28.6317
28.8287
28.7745
28.6223
28.4575
28.9214
28.8859
28.932
28.8935
28.8806
28.4008
28.9679
29.1009
29.0898
29.1083
28.9353
29.574
28.8134
29.0112
28.9097
29.5127
28.5139
28.6719
29.2411
28.9825
28.641
28.9338
28.9809
29.1333
29.0102
28.7619
28.938
28.6394
29.1776
29.1641
28.8594
28.8136
28.9177
29.0256
28.7459
28.916
28.8038
28.641
28.9494
28.6253
28.7304
29.3197
28.9694
28.8603
28.4982
28.4302
28.9907
29.4435
28.7092
29.1192
28.8804
28.7572
29.0403
28.5869
28.5012
29.0048
28.6434
28.6616
28.7212
28.8267
29.1027
28.6705
28.8958
28.7319
28.9616
29.1304
28.8645
29.2211
29.3132
29.2614
29.1361
29.2185
29.041
29.3453
28.8882
29.1363
29.4126
29.0965
28.8466
29.0549
29.0432
29.1466
28.8198
29.2587
28.9533
29.3349
29.0418
28.6407
28.7559
28.6263
28.7918
28.893
28.7729
28.7524
28.9659
28.6309
29.2282
28.8937
28.841
29.047
29.0032
29.0915
28.7923
28.9352
29.142
28.4562
28.816
28.7128
29.1373
28.6278
28.8512
28.996
28.7646
29.049
28.9445
29.1038
28.7137
28.8631
29.3015
28.4305
29.4477
28.7377
29.2067
28.5916
28.9245
28.9072
29.0642
29.3627
29.4141
28.7807
28.8715
29.2554
28.4984
28.7654
29.053
28.5538
29.1705
28.421
29.0036
28.8235
28.9521
28.2277
28.7662
29.1803
28.83
28.8649
28.833
28.8433
29.1119
28.6352
28.6304
29.4416
28.9094
29.1709
28.8774
29.074
29.1046
28.9759
28.7849
28.7073
29.2585
28.5638
29.0813
28.9784
29.0641
28.7445
29.0986
29.2838
28.7698
28.5207
28.5759
29.2555
29.1112
28.554
28.6901
28.6444
28.9879
28.7411
28.6595
28.6704
28.7672
29.1932
28.3526
29.211
29.0612
29.0306
29.0361
28.7334
29.0742
28.4701
28.8704
28.8078
28.8585
28.6691
28.7723
28.8747
28.7899
28.4994
29.2383
28.8331
28.5233
28.5546
28.8734
28.9247
28.9104
28.8994
29.1371
28.7957
28.9064
28.7282
28.7336
29.0188
28.6772
28.9506
28.7651
28.5245
28.731
