1.23455
1.23664
1.14426
1.47457
1.39643
1.06314
1.17233
1.0141
1.21618
0.914428
1.56399
1.12209
1.21768
1.60468
1.16658
1.43908
1.0467
1.43751
1.09378
1.63594
1.37837
1.15522
1.01575
1.4742
1.47189
1.23212
0.998715
1.21011
1.31591
1.36131
1.36836
0.877876
0.967625
1.27193
1.21884
1.44801
1.45837
1.19918
1.11983
1.25241
1.19159
1.10354
1.31229
0.945809
0.909034
1.26178
1.07366
1.48742
1.19425
1.30599
1.28288
1.50651
1.33524
1.46583
1.26864
1.31466
1.18213
1.31139
1.38172
1.10113
1.29517
1.21484
1.47228
0.953441
1.54669
1.01479
1.47236
1.44823
1.76655
1.57975
1.34602
1.20355
0.66377
1.19366
1.26959
1.41927
1.40886
1.20488
1.01873
0.806451
1.16916
1.36823
1.18161
1.31276
1.07315
1.35812
0.84876
0.982569
1.46552
1.75246
1.57596
0.801554
1.11355
1.38772
1.06986
1.19957
1.15629
1.19928
1.63633
1.57565
1.02447
1.34186
1.21126
0.984323
0.961761
0.980563
1.12161
1.45652
1.26493
1.32386
1.21795
1.17639
1.20909
1.07721
1.37172
1.27405
1.46571
1.40537
1.1527
0.840313
1.41092
1.08408
1.25577
1.22321
1.44932
1.16194
1.28835
1.71522
1.54453
1.09223
0.936504
1.44295
1.20401
1.5459
1.11029
1.43257
1.52757
1.02331
1.28622
1.40212
1.31776
1.32152
1.10262
1.01416
1.00843
1.21755
1.14078
1.42019
1.41946
1.51208
1.0243
1.73856
1.00973
0.971265
1.06342
1.21341
1.60763
1.23297
0.768687
1.15674
1.43666
0.940337
1.46212
1.33336
1.41028
1.19289
1.4449
1.18866
1.49423
1.37469
1.43427
0.782654
0.977492
1.10241
1.0758
1.10942
1.02914
0.777696
1.31904
0.96415
1.28647
0.711481
1.04621
1.10556
1.19463
1.54879
1.54668
1.39953
1.21795
1.15549
0.944738
1.4217
1.41102
0.943555
0.823546
1.27793
1.18746
1.3071
1.19887
0.992757
1.09845
1.54874
0.867521
1.42818
0.809445
1.48674
1.28597
1.70834
1.41979
0.874322
1.26364
0.847212
1.57316
1.42148
1.30588
1.16802
1.73186
1.05237
1.7277
1.70735
1.33125
1.22204
1.05948
1.08854
1.16126
1.16912
1.38597
1.34837
0.88607
0.970153
0.828791
1.43396
0.787057
1.21372
1.64488
1.29723
1.28461
1.43799
1.18877
1.01221
1.57185
1.38586
1.23863
1.51472
1.28818
1.34511
1.26019
1.3308
1.48249
1.22297
1.68569
1.27479
1.27272
0.893896
1.25485
1.20691
1.67282
1.51718
1.4484
1.53561
1.27408
1.0932
1.38787
1.37952
1.28737
1.40317
0.978561
0.952226
1.2576
1.3376
1.45752
1.12403
1.61763
1.0291
1.19315
1.06188
1.48066
1.5918
1.45955
1.55941
1.48644
1.1322
0.59418
1.31493
1.35904
1.19093
1.00111
1.27593
0.818613
1.01679
1.60093
1.46832
1.27003
1.15165
0.76054
0.974078
0.912333
1.16194
0.906263
0.821141
1.28719
1.39486
0.786215
0.825932
1.11422
1.23825
1.10026
1.05305
0.968969
1.17727
1.55418
1.27752
1.27849
1.0378
0.839676
0.742917
0.824966
1.37097
0.924007
1.16913
1.53171
1.08962
0.809328
0.742997
1.11915
1.11034
1.17629
1.05647
1.24356
1.55677
1.3067
0.903399
1.0372
1.22428
1.0796
1.20022
1.29304
0.93758
0.955216
0.853041
1.15849
1.00348
0.826817
0.960208
1.134
1.27455
1.01659
1.11197
1.08655
1.3929
1.34364
0.997197
0.957123
1.37951
1.30371
0.940986
1.01815
1.21329
1.09611
1.43138
0.871587
1.33509
0.987498
1.14568
1.22511
1.10491
1.09215
0.894093
1.03103
1.01574
0.811983
1.36449
1.10137
1.01458
0.967342
1.27219
1.00371
1.16346
1.3396
1.1552
1.28833
1.26576
1.00384
1.2612
1.36598
1.43494
0.907826
1.43409
1.39911
1.18743
1.20906
1.17693
1.54122
1.17725
0.977854
1.30857
1.23341
1.12589
1.14375
0.927242
1.29367
1.26601
0.86738
1.35328
1.38934
1.70569
1.32687
1.54517
1.28881
1.13288
1.09352
0.853729
1.49943
0.769099
1.09809
1.50178
1.10754
1.18171
1.16369
1.08315
1.2715
1.24863
1.20142
1.09387
1.87479
1.61282
0.987394
0.827464
1.38113
1.46639
1.312
1.2477
0.937137
1.19009
1.06174
1.05371
1.03643
0.995756
0.928111
0.962559
1.6026
1.36279
1.20986
1.18298
1.2542
1.52574
1.13113
1.3149
1.48552
1.55187
1.1974
1.24124
1.10339
1.27396
1.36955
0.801487
1.61045
1.11128
1.19311
1.33154
1.15026
1.20128
0.891192
1.2911
1.18493
1.23781
1.58272
0.927351
1.25774
1.42999
1.39487
1.09994
1.44318
1.26306
1.35244
0.799189
1.35783
1.30346
1.37267
1.11498
1.51692
1.29999
1.66004
1.66721
1.20347
0.973204
1.16526
0.715678
1.35033
1.19683
1.72335
1.25671
1.55502
1.27285
1.17222
1.02482
1.15933
1.1149
1.42886
1.36416
1.05182
1.56324
1.22041
1.22186
1.20372
1.30891
1.60402
1.24651
1.33282
1.29693
1.31898
1.06299
0.985692
1.0919
1.00544
0.514577
1.18226
1.04306
1.23685
1.40194
1.40364
1.37552
1.23689
1.05773
1.26204
1.60427
1.41663
0.714526
1.19995
1.31071
1.03079
0.895839
1.1599
1.41192
1.00667
1.31919
1.31757
1.39175
1.3008
1.20339
1.12068
1.44094
1.31057
1.44864
1.29155
1.26723
1.36171
0.890748
1.5431
0.85832
1.19726
1.10591
1.43824
1.18686
1.42454
1.28339
1.08504
1.39229
0.983343
0.901227
1.27786
1.45578
1.54265
0.868424
1.53712
1.39374
1.23402
1.31044
1.23265
1.37595
0.643023
1.13279
1.18674
1.10839
1.30664
1.33896
1.38863
1.34396
0.852363
1.28445
0.660689
1.04494
1.22901
1.43706
1.12077
1.42303
1.42637
1.10805
0.929114
1.02782
1.39686
1.51809
1.58562
1.3866
1.25478
0.67106
1.26169
1.42468
1.21221
1.3695
1.16657
1.3977
1.59793
1.46096
1.07941
0.898417
0.921616
1.07689
1.25212
1.36002
1.08335
1.35469
1.55111
1.03356
1.27439
1.41617
1.21527
0.950818
1.51704
1.06083
1.18735
1.2517
1.47291
1.31102
1.36501
0.998417
1.63437
1.17279
1.40173
1.33302
1.1135
1.37267
1.10144
0.782295
1.24241
1.73021
1.07749
1.32986
0.995334
1.13068
1.29114
1.54125
1.21735
1.4861
1.2486
1.17071
0.911049
1.3419
1.439
0.914808
1.37694
0.899762
0.860997
1.12557
1.22822
1.54388
0.871921
1.19169
1.11997
1.30634
1.21794
1.3272
1.36699
1.24171
0.779063
1.22395
1.21891
1.412
1.09946
1.22331
1.26538
1.18227
0.85457
1.51714
1.29864
1.71867
1.51341
1.40739
1.50899
1.20455
1.6064
1.23078
1.31648
1.64956
1.53425
1.11355
1.01533
1.56069
1.33754
1.11665
1.27921
1.65492
1.24251
1.53812
1.51444
1.48842
1.09608
1.16168
1.3947
1.26614
1.31202
1.4821
1.24958
1.43846
0.623906
1.64949
1.47157
1.42902
1.20594
1.37484
1.25617
1.50482
1.14328
1.13115
1.2847
1.38238
1.41076
1.56908
1.70685
1.17357
1.43393
0.906758
1.54731
1.67451
1.31804
1.1765
1.39133
1.25392
1.18054
1.61753
1.53027
1.5198
0.89626
1.7745
1.09869
1.24171
1.24214
1.52597
1.27236
1.39461
1.57326
1.28285
1.29672
0.806751
0.817787
1.55106
1.45374
1.51416
0.861412
1.3065
1.44005
1.06712
1.43826
1.48661
1.58976
1.29276
1.31719
1.11118
1.58555
1.32849
1.15182
1.02577
1.2006
1.52666
1.24586
0.935418
1.4071
1.18305
1.42076
1.37272
0.712724
1.05808
0.838014
1.23183
1.45547
1.2645
0.94294
1.23285
0.937337
1.29617
1.25882
1.0799
1.32599
0.931025
1.21138
1.35834
1.21784
1.06667
0.937092
0.818155
0.881507
0.883019
1.25255
0.840702
1.1549
1.1519
1.25108
1.30582
1.38245
1.05687
0.948693
1.35846
1.27992
0.963298
1.18738
1.22657
1.26064
1.16513
1.22134
1.57845
0.906214
1.40638
0.903144
1.19985
1.24044
1.04481
0.789237
1.30999
1.41142
1.09022
1.31493
1.10839
1.02982
0.996064
1.37684
0.962767
1.17103
0.881436
1.13019
0.935835
1.22721
1.40564
0.860214
1.38738
0.490292
0.631634
0.991321
1.29882
1.47837
0.778103
1.26235
1.24604
0.994113
0.988346
1.19726
1.31711
1.05678
0.818771
1.09132
1.09522
1.13048
1.09347
1.06341
1.0191
1.06363
1.44806
1.43257
1.08806
0.870702
0.892837
1.51204
1.30553
1.28155
1.37639
1.43768
1.68183
1.65214
1.45763
1.30587
1.26711
1.23878
1.02637
1.47377
1.27104
1.03062
1.56556
1.16987
0.925431
1.17613
1.51706
0.991776
1.60516
1.45408
1.39266
1.76528
1.55775
0.959611
1.12807
0.963493
1.13586
1.24651
1.1428
0.639773
1.23166
0.790244
1.48211
1.32796
1.43344
0.715019
1.37852
1.53017
1.04315
1.50721
1.01036
1.15021
1.41831
0.879248
0.775414
1.33813
1.47384
1.33446
1.07486
1.18999
1.25295
1.53403
1.25646
1.88068
1.34154
1.20282
1.42282
0.894263
1.15881
0.950139
0.852149
1.4351
1.09837
1.52742
1.24422
1.0012
1.25205
1.50392
0.934859
1.14003
1.34906
1.32782
1.48877
1.51434
1.03111
1.31211
1.40749
1.35013
1.03618
1.3778
1.32132
1.2248
1.31372
1.46345
1.38846
1.46694
1.03186
1.29385
0.709473
1.23223
1.19968
1.3569
1.02926
1.48501
1.2312
1.43646
1.42904
0.975766
1.07241
0.923021
1.03083
0.835215
0.960849
1.2491
1.07947
0.953164
1.02426
1.06506
1.2755
0.658541
1.00093
1.2853
1.26757
1.12054
1.40207
1.08842
1.21811
1.22784
1.30747
1.31949
1.27297
0.86757
1.16427
1.43752
1.28754
1.32852
1.17088
1.44138
1.07776
1.36937
0.930668
0.782796
1.36918
1.34257
1.25011
1.21633
1.3199
0.944217
1.09994
1.2724
1.37007
1.30127
1.13662
0.731185
0.788584
1.31438
1.32204
1.52743
1.24119
1.53364
0.819675
0.943152
1.24333
1.40971
1.30756
1.45153
1.32444
1.35822
0.943826
0.707772
1.17989
1.41615
1.39646
1.21096
1.07914
0.745808
0.730355
1.24113
1.18814
1.13655
1.26548
1.57099
1.30991
1.3228
1.28388
1.22951
1.29652
1.45577
1.51069
1.30121
1.32763
1.3913
1.53409
1.41725
1.62472
1.03524
1.13204
0.793435
1.00413
1.68835
1.24469
1.77999
1.36651
1.30202
1.36602
1.80069
1.0825
1.42275
1.72709
1.50611
1.07307
1.4787
1.77087
1.71572
1.44431
1.10015
1.1666
1.61968
1.63756
1.21071
1.7213
1.77671
1.2343
1.77235
1.34534
1.40879
1.13142
1.11708
1.40383
1.3391
1.23236
1.46096
1.73932
1.2417
1.29671
1.39243
1.02756
1.74305
0.725288
1.46229
1.62365
1.12605
1.26978
1.25869
1.02877
1.39321
1.0886
1.65845
1.24249
1.39122
1.50891
0.994779
1.29154
1.5829
1.28751
1.10487
1.47201
1.3903
1.463
1.18589
1.7327
1.60319
1.28053
1.18913
1.39517
1.1928
1.27712
1.47832
1.33536
1.17923
1.36886
1.2992
1.35839
1.32076
1.42759
1.03204
1.52234
1.53768
1.35172
0.869989
1.40875
1.38572
1.38414
1.06034
1.17349
1.32553
1.68224
1.37504
1.07918
1.0891
1.25851
1.29478
1.33276
1.23651
1.52991
1.47116
1.54582
0.857925
1.1969
1.29221
1.05287
0.998404
1.59971
1.0114
1.22292
1.388
1.44188
1.28461
0.891609
1.29575
1.32558
1.29786
1.27445
1.32545
0.963885
1.54402
1.62462
1.24676
1.4604
1.67413
1.24901
1.33636
1.40734
1.5285
1.55687
1.58593
1.39987
1.38088
1.27087
1.00309
1.25673
1.17933
0.967048
1.22193
1.05795
1.30621
1.19136
1.28781
1.21925
1.10026
1.25482
1.25257
1.2333
1.19112
1.25504
1.39027
1.57536
1.35273
0.893277
1.3008
1.60372
1.49353
1.40435
1.60648
1.51782
1.5503
1.1208
1.66178
1.4684
1.36248
0.962213
1.19939
1.62557
1.59854
1.2921
1.50341
0.952503
0.841965
0.769144
1.32583
1.13966
1.10759
1.48636
0.971377
1.09078
1.03682
1.54959
1.22554
1.70564
1.20952
1.5195
1.68067
1.24028
0.936482
1.1674
1.16856
1.14192
1.57955
1.0545
0.891198
1.2776
0.854553
1.13432
1.26275
1.39974
1.07077
1.24164
1.4855
0.841453
1.33684
1.11721
1.40294
1.34796
1.32547
0.66024
1.22783
1.37385
0.974129
1.11906
1.33019
1.31098
1.43818
1.28794
1.54768
1.12473
1.23354
1.6166
1.03616
1.22383
1.16665
0.913078
1.38096
1.12049
1.76072
1.25466
0.520039
1.3484
1.37427
0.877267
1.13387
1.51145
1.15629
1.567
1.68707
1.44041
1.27134
1.56303
1.34871
0.734681
1.37884
1.37948
1.4738
1.55363
1.41694
1.31781
1.34289
1.51762
1.41487
1.435
1.46744
1.69473
1.28493
1.21893
1.12612
1.57156
1.17201
0.904766
1.31059
1.10279
1.23838
1.37814
1.54397
0.994836
1.43649
1.27704
1.30275
1.79712
1.37402
1.18689
1.15763
0.829895
1.26159
1.4634
0.982972
0.882575
0.98357
0.954783
1.20768
1.23236
1.33205
0.812928
1.27366
1.4351
1.08173
1.41512
1.05398
1.05955
1.46248
1.02803
1.21289
0.981438
1.54234
1.40215
1.4974
1.22073
1.02332
1.31191
0.936978
1.74497
1.31337
1.47167
1.44773
0.825098
0.973593
0.915118
0.884243
1.44376
1.32479
1.76746
1.09049
1.08047
1.30188
1.53198
0.944162
1.21526
1.38108
1.30201
1.09559
1.14667
1.4799
1.04448
1.19529
1.23413
1.26271
1.31274
1.38571
1.0146
1.21553
0.994836
1.60065
1.42945
1.26181
0.765285
1.45659
1.19205
1.66567
1.66042
1.30211
1.23726
0.854952
1.14098
1.63941
1.40503
1.38969
1.26502
1.07824
1.21953
1.16832
1.29459
1.13573
1.408
1.34543
1.4626
1.44953
1.72134
1.43705
0.759299
1.34257
1.43569
1.44831
1.57063
1.39325
1.58306
1.37642
1.48511
1.75589
1.08954
1.60932
0.694708
1.40794
1.40992
1.4239
1.03642
1.68135
1.64906
1.2554
1.65918
1.38684
1.25427
1.50441
1.32438
1.32992
1.39312
1.03028
1.03656
0.880569
1.15036
1.37907
1.19844
1.67051
0.798769
0.93899
0.698354
1.28908
1.58496
1.3174
1.36965
1.60374
1.1174
0.980524
1.63393
1.43046
1.38101
0.899594
1.30988
1.17407
1.26743
1.50178
1.29969
1.33434
1.29509
1.36667
1.12397
1.26086
1.40761
1.12378
1.5888
1.18799
1.09089
1.47594
1.22601
1.38643
1.1802
1.20719
1.67783
1.45064
1.35242
0.81663
1.23498
1.26553
1.29934
0.820712
1.38386
1.39205
1.68282
1.18498
1.49466
1.60309
1.46317
1.2184
1.50375
1.23545
1.34544
1.46325
1.46806
1.36201
1.41906
0.886949
1.65359
1.03695
1.08801
1.3945
1.36417
1.45394
1.11381
1.15488
1.31431
1.72159
1.33853
1.13695
0.950165
1.34577
1.53652
1.21716
1.33933
1.45941
1.21381
1.32933
0.9514
1.29906
1.18853
1.20427
1.63454
1.18406
0.949343
1.03484
1.23363
1.43539
1.17551
1.41018
1.34328
1.48093
1.54237
1.46918
1.44951
1.26064
1.20766
1.33398
1.04547
1.50318
1.19522
1.38605
1.55279
0.790586
1.41311
1.41013
1.63421
1.13496
1.35571
1.08778
1.33652
1.2765
0.876747
1.29753
0.700553
1.2019
1.12844
1.10356
1.14692
1.10395
0.680243
1.15863
1.05262
1.37701
0.446345
1.45594
1.3792
1.15061
0.778538
1.4392
1.29203
1.13675
1.22182
1.13704
1.25518
1.13579
0.829539
1.01707
1.23495
1.19792
1.134
1.4336
1.58427
0.988452
1.28836
1.10329
1.12052
1.17992
1.39533
1.43072
1.24268
1.36614
1.09058
0.987965
1.17216
1.49384
0.974713
1.30867
0.911238
0.892982
1.20686
1.33949
1.53648
1.0045
1.44544
0.690592
1.02992
1.40644
1.12012
1.44378
1.37977
1.17565
1.22393
1.20502
0.767405
1.27463
0.961365
1.35001
1.15512
1.16337
0.857277
1.14887
1.27374
1.36283
1.36729
1.35453
1.20448
1.37409
1.27631
1.49345
1.5233
0.696411
0.758488
0.913158
1.46939
1.21077
1.24746
1.29449
1.0033
1.26039
0.80259
1.37106
1.18463
1.27192
0.864734
1.38957
1.29705
1.21927
1.22597
1.46163
1.34792
1.12191
1.73156
1.41838
1.38265
0.995208
1.11752
1.03756
1.12154
1.23299
1.17282
1.35773
1.10428
0.869533
1.36016
1.38239
1.43626
1.02081
1.47137
0.971349
1.19775
1.42979
0.597506
1.05589
1.37962
1.12895
1.30994
1.11448
1.07517
0.899988
1.48025
1.56581
1.39791
1.34495
1.23869
1.36897
1.19173
0.987238
1.65786
1.48763
1.02419
1.13405
1.51711
1.14742
1.268
1.62021
0.947212
1.57989
1.33354
1.59525
1.24636
1.33765
1.32019
0.790553
1.36305
1.36917
1.10057
1.57101
1.27896
1.52581
1.35086
1.28793
1.43445
1.34691
0.95741
1.21945
1.22502
1.46805
1.38162
1.13931
0.9155
1.49447
1.52006
1.40382
0.88766
1.57006
1.29327
1.52126
1.16535
1.15252
1.41724
1.20557
1.22357
1.4159
1.15791
1.53691
1.4406
1.21682
1.10745
1.21032
1.28865
1.1325
1.29222
0.977498
1.34155
1.44639
1.56764
1.39437
1.68871
1.45315
1.5089
1.31181
1.33262
1.2094
1.79086
1.71697
1.60535
1.62275
1.21263
1.24951
0.894262
1.32411
1.28683
0.909031
1.65407
1.32967
1.40841
1.13635
1.30713
1.25952
0.891576
1.60673
1.24481
1.51656
1.2227
1.39961
1.58609
1.73043
1.49557
1.28759
1.2482
1.37832
1.36095
1.46281
1.60464
1.71882
1.53488
1.26938
1.58367
1.63375
1.75912
1.75154
1.52518
1.19162
1.29169
1.05076
1.45657
1.20287
1.81517
1.55466
1.48782
0.964866
1.42208
1.23088
1.53927
1.16617
1.2519
1.45426
1.91423
1.50016
1.23645
1.50081
1.53434
1.62373
1.18301
1.7886
1.47433
1.85115
1.59922
1.59923
2.02842
0.685882
1.45559
1.28652
1.12577
1.2943
1.38094
1.28256
1.70135
1.41172
1.37213
1.46163
1.72695
1.28539
1.50147
0.840072
1.5164
1.33025
1.05456
1.52193
1.46499
1.12125
1.33606
1.20317
1.58674
1.3245
1.3887
1.37447
1.6418
1.4019
1.30183
1.69601
1.39178
1.06769
1.30951
1.22164
1.71722
1.29437
1.53707
1.1467
1.40578
1.02415
1.43726
1.12812
0.974781
1.17425
1.47909
1.57244
1.3593
1.4034
1.22711
1.43885
0.905728
1.14665
1.47451
1.38934
1.3437
1.10213
1.2699
1.34079
1.04449
0.950225
1.17264
1.40076
1.15465
1.61491
1.41614
1.6551
1.48164
1.17293
1.19301
1.50954
1.34967
1.44251
1.14176
1.32342
1.29819
1.39829
1.55903
1.02583
1.34328
0.709473
1.63185
1.49577
1.29724
1.30758
1.62278
1.36513
1.35398
1.5314
1.38521
1.47322
1.32218
1.33498
1.14538
1.18101
1.02736
1.30155
0.976572
1.23477
1.24805
1.3675
1.65864
0.867633
0.87582
1.08379
1.23409
1.48679
1.31083
1.38092
1.64405
1.22012
1.32199
1.64179
1.35118
1.18447
1.33143
1.18702
1.03548
1.28194
1.44146
1.28344
1.51014
1.10788
1.39823
1.29789
1.3914
1.40662
1.2787
1.22185
1.61798
1.64955
1.66819
1.31137
1.14338
1.3659
1.46139
1.71708
1.36428
1.45763
1.46963
0.925826
1.23855
1.32923
1.43127
1.34368
1.29781
1.22407
1.11458
1.3757
1.39482
1.27132
1.44662
1.61227
1.4335
1.72259
1.21865
1.35987
1.13429
1.17127
1.79794
1.30693
1.22676
1.4694
1.61987
0.535584
1.59343
1.62339
1.57279
1.38709
1.69104
1.4094
1.28964
1.48661
1.41209
1.06613
1.32384
1.40657
1.29053
1.11834
1.03137
1.16937
1.70311
0.991392
1.37435
1.00717
0.602938
1.06228
1.30437
1.49399
1.53961
1.42773
1.41862
1.42856
0.813238
1.64729
1.44645
1.12729
0.905249
1.35851
1.74583
1.48644
1.6103
1.3828
1.08358
1.19543
1.52396
1.63672
1.48385
1.2865
1.03672
0.803417
1.29143
1.28942
1.41633
1.23791
1.25461
1.73281
0.889719
1.2988
1.595
1.21601
0.997648
1.79132
1.20812
1.37137
1.56648
1.48226
1.38269
1.27521
1.33641
1.5867
1.28327
1.60752
1.42589
1.08737
1.49227
1.30328
1.22683
1.52853
1.94892
1.1038
1.33046
1.15669
1.30698
1.63249
1.61361
1.49569
1.34407
1.23324
0.958954
1.1505
1.52663
1.51357
1.1761
1.51976
1.04835
1.15657
1.16191
1.36878
1.54444
1.24317
1.19497
1.27215
1.3824
1.11101
1.329
1.54294
1.44794
0.852716
1.37644
1.39669
1.48504
1.3645
1.53217
1.43393
1.53914
0.655895
0.917655
1.61775
1.16985
1.46025
1.55839
1.35257
1.13171
0.647787
1.34944
1.46177
1.44198
0.891064
1.41425
1.6456
1.36648
1.15671
1.20352
1.43925
1.41792
1.66543
1.34158
1.15553
1.17786
1.01158
1.06519
0.936783
1.24806
0.970904
1.21145
1.38747
0.898873
1.3782
1.43868
1.67288
1.18086
1.41887
1.00257
1.4627
1.35476
0.829984
1.08606
1.49628
1.20926
1.54674
1.01404
1.29539
1.24195
1.53244
1.37659
1.45879
1.31394
1.24892
1.3128
1.19448
1.02689
1.77467
1.12828
1.1733
1.12944
1.24513
1.07202
1.55121
1.77127
1.29906
1.30682
1.36827
1.60563
1.26844
1.38424
1.63628
0.834561
1.45803
1.68521
1.25807
0.835897
1.73631
1.17254
1.42515
1.45158
1.13707
1.04922
0.962887
1.41705
1.34906
1.34722
1.20591
1.36065
1.73114
1.16864
1.31519
1.21488
1.31517
1.26692
1.75429
1.32106
1.30239
0.996793
0.775933
1.0086
0.972662
1.0814
1.2309
1.12257
1.50038
1.09376
1.28706
1.46638
1.59007
1.37996
1.42096
0.989032
1.18245
1.54924
0.954052
1.27023
1.44597
0.917034
1.64186
0.808456
1.32668
1.11656
1.57055
1.63744
1.43164
1.4285
1.19121
1.17887
1.1953
1.065
1.89393
1.36756
1.12551
1.15768
1.48753
1.1435
1.37376
1.67528
1.17078
1.39391
1.4113
1.60879
1.35338
1.53708
1.54951
0.897942
1.53016
1.56288
1.38086
1.3717
0.724693
0.93288
1.28164
0.717731
1.18379
0.972269
1.13212
1.06922
1.39039
1.13246
1.01622
1.60602
1.2523
1.02761
1.06581
1.3884
1.28796
1.48669
0.972935
1.05613
1.20449
0.863333
0.835078
1.1645
1.34705
0.991804
1.20607
1.40452
1.14823
1.05045
1.21805
1.12208
1.07901
1.1567
0.801544
1.22557
1.38987
0.859743
0.842517
0.85884
1.12991
1.16945
0.944987
1.42624
0.713309
1.12644
1.44911
1.1031
1.42614
0.891995
1.32682
0.98166
0.946381
1.55762
1.18515
1.00048
1.32433
1.38643
0.959346
1.16722
1.24368
1.03867
1.18391
1.56611
1.3807
1.27597
1.08503
1.20507
0.714585
1.31183
1.29145
1.15723
1.06753
1.14754
1.41715
1.27268
1.51799
1.22308
1.21641
1.28063
1.56542
1.16639
1.42604
1.06157
1.43672
0.896129
1.35574
1.50106
1.16432
1.09595
1.42523
1.14141
1.53603
1.69048
1.24238
1.54224
1.52836
1.43881
1.60364
1.08755
1.37778
1.23844
0.960972
1.36391
1.25299
1.45212
1.56881
1.68135
0.903238
1.38946
1.36233
1.39578
1.79133
1.24914
1.72159
1.20939
1.10518
0.712171
1.2508
1.16392
1.22906
1.3746
1.40821
1.22883
1.29455
1.23577
1.25721
1.08287
1.53772
1.07812
1.24519
1.07344
0.988231
1.34879
1.6398
1.58677
1.21971
1.06587
1.34564
1.07594
1.38214
1.27669
1.28809
1.61501
0.933811
1.36244
0.971182
1.31448
1.03431
0.82808
1.16711
1.20945
0.942921
0.946765
1.49886
1.1927
0.98344
1.00921
1.52071
1.36797
1.13337
1.02846
1.06764
1.22811
1.26151
0.753228
1.20986
1.15106
1.17044
1.25578
1.20268
1.33582
0.610846
1.08728
1.23887
1.23578
1.08784
1.35667
1.42936
1.13181
1.13004
1.195
0.938583
1.31162
1.00152
0.946159
1.1865
0.698976
0.934587
1.0669
1.00384
1.2211
0.881154
1.401
0.723767
1.01051
1.28498
0.839783
1.16237
1.309
1.08243
1.08842
1.16573
0.9951
1.24026
0.882259
1.36085
1.24107
1.10128
0.980376
1.20281
1.11598
1.27901
1.35879
1.22649
1.25236
0.738534
1.33939
1.30101
1.43196
0.8111
1.3955
1.12694
1.23713
1.48922
1.34954
1.15398
1.31614
1.18727
1.17539
1.23873
0.910423
1.05396
1.26037
1.19391
1.18871
1.4589
1.45173
1.01048
1.4538
1.19418
1.08164
1.14614
1.08521
0.767525
1.27061
1.06982
1.1509
1.06121
1.47705
1.29069
1.16737
0.997341
1.34009
0.888075
1.27401
1.61251
0.869179
1.02609
1.38334
0.568651
1.0386
1.01371
1.2652
1.29257
1.10647
1.24687
1.28446
0.89606
1.46949
1.5932
1.18555
0.856678
1.03553
1.24241
1.41926
1.43996
1.22765
1.17091
0.98675
0.864739
1.19895
1.22908
1.13132
0.927883
1.0048
1.40449
1.4124
1.31603
1.04013
1.14845
1.52642
0.872237
1.14141
1.37141
1.4293
1.24185
1.05839
0.986233
1.68247
1.4282
1.4394
1.12852
1.27005
0.906027
1.10622
1.50724
1.37933
1.25796
1.38654
1.51949
1.56189
1.41357
0.863345
0.966904
1.62351
1.47492
0.940387
1.49747
1.43735
1.38921
1.33608
1.0818
1.61011
1.30823
1.28293
1.09947
1.31088
1.74375
1.52847
1.62447
1.36831
1.39127
1.2856
1.38272
1.85163
1.65117
1.37302
1.56229
1.59737
1.31661
1.10714
1.02111
1.03558
1.49805
1.26626
1.65159
1.01655
0.989244
0.714411
1.43383
1.32721
1.20745
1.37715
1.40252
1.3106
1.25444
0.788045
1.29239
1.29036
1.09568
1.43342
1.31973
1.09548
1.32435
1.21865
1.03765
1.60742
1.23437
1.27266
1.05439
1.11967
0.950779
1.34859
1.32688
1.2315
1.31438
1.32675
1.29211
1.2692
1.08831
0.76054
1.1905
1.29881
1.06887
1.02111
1.5688
0.939841
1.1478
0.827842
1.15566
1.02955
1.12309
1.4148
0.554586
1.16318
1.7231
1.08907
1.43553
0.935171
1.32513
1.22409
1.22122
1.61882
1.53184
0.953815
1.46363
1.69163
1.05044
0.955222
1.04726
0.723273
1.43394
1.51613
1.45967
1.28893
1.13892
0.894154
1.03697
1.38957
1.05581
1.14746
0.840198
1.454
1.23876
1.24869
1.36837
1.25976
1.49566
1.30677
1.30138
0.907535
0.983512
0.969423
1.10497
1.21997
0.960742
1.19987
0.66095
1.31897
0.853035
1.15011
1.01988
1.09264
1.42321
1.01966
1.32862
1.44245
1.43354
1.3121
1.2235
1.03545
1.19894
1.34085
1.48257
1.06387
1.60974
1.06816
1.90644
1.19661
1.50082
1.35906
1.13232
1.25427
1.24821
1.15632
1.34856
0.885326
1.19956
0.74296
1.42006
1.27673
1.13706
1.13937
1.28677
1.33901
1.05461
1.35046
1.51475
1.59026
1.2715
0.929922
1.17597
1.4
1.33985
1.20477
1.37781
1.47345
1.39253
1.09708
1.26506
1.18299
0.793541
1.20899
1.19578
1.26665
1.01143
1.06484
1.33661
1.11178
1.17412
1.29577
1.01416
1.16431
1.04787
1.07275
0.863679
1.12816
0.930897
1.21314
1.05347
0.855859
1.15893
1.29847
1.49924
0.926147
1.24403
1.02187
1.44816
1.00739
0.961038
0.782518
1.42607
1.24274
1.50295
1.15342
1.04625
1.06709
1.0841
0.98767
1.30544
1.13906
1.22187
1.23878
0.900341
0.608484
1.24944
1.06568
1.09885
0.975569
0.979769
1.14122
1.22565
1.40933
1.28197
1.40415
1.21198
1.11012
1.06435
1.18315
1.35635
0.878671
1.23929
1.44574
1.1867
1.23235
0.997127
1.28233
0.749815
1.27826
1.52727
1.03292
1.18419
1.64435
1.34877
1.26455
1.63546
1.34801
1.17593
1.51598
1.00445
1.20726
1.18057
1.35862
1.42418
1.24438
1.70526
1.15773
1.16355
1.3289
1.1217
1.25604
1.61013
1.7528
1.13819
1.18426
1.24862
1.00346
1.36373
1.36306
1.08556
1.05859
0.917723
1.11521
1.18579
1.55756
1.62295
0.96728
1.64711
0.664004
1.19725
1.4047
1.23621
1.62319
1.25539
1.16319
1.18917
1.42661
0.976886
1.12017
1.02661
1.25802
1.27473
1.22529
1.02673
1.34184
1.31335
1.43999
1.39527
1.37047
1.16867
1.37984
1.01532
1.17024
1.21632
1.14052
1.43012
0.91295
0.748162
1.28373
1.24557
1.16514
0.797408
1.09011
1.27499
1.41926
1.39782
1.07145
1.60667
0.972707
1.24703
1.30878
0.882916
0.641257
1.01795
0.812694
1.07592
1.00092
1.32821
1.24016
1.1843
0.800758
0.917433
1.13124
1.11755
1.46654
0.874201
1.21701
1.40987
0.944031
1.32489
0.713857
1.12748
1.10476
1.01496
1.3427
1.50354
1.18075
1.01919
1.58786
0.972772
0.709679
0.925821
0.816329
1.47788
1.14939
1.09774
1.01043
1.08749
0.684579
1.02392
0.964866
0.554695
0.880511
1.28478
0.936335
1.2238
1.49014
1.50052
1.33473
1.39386
1.1466
1.35378
1.72078
1.58596
0.897731
1.39815
1.17957
1.00546
0.812354
1.42136
1.29032
1.17481
1.57601
1.30721
1.51897
1.29519
1.31962
1.41945
1.70261
1.36368
1.56029
1.4028
1.42041
1.43984
1.07096
1.61414
0.965215
1.06642
1.04329
1.3737
1.36794
1.58457
1.43004
1.26893
1.57406
1.00679
1.13387
1.38424
1.55656
1.63671
1.24351
1.60438
1.57437
1.29406
1.16289
1.28118
1.3682
0.794328
1.29495
1.27748
1.06679
1.28156
1.58641
1.59123
1.48212
1.12872
1.45804
1.36413
1.33797
1.11331
1.34363
1.51556
1.39024
1.36165
1.30618
1.20392
1.24487
1.43774
1.05974
1.1746
1.15861
1.09391
1.36069
0.962558
0.867431
1.11874
1.29316
1.55502
1.22987
1.39936
1.39323
1.48781
1.20992
0.979108
1.24967
1.48857
1.48789
1.08612
1.22184
1.05864
1.05383
1.28916
1.07589
1.17428
0.875503
1.29067
1.43874
1.15707
1.05403
1.33072
0.99376
1.06874
1.25679
1.18537
1.25405
1.37502
1.54659
1.38329
1.31271
1.19922
1.46925
1.10631
1.16953
1.42315
1.17726
1.37417
1.60723
1.07604
1.3188
1.38111
1.29697
1.0103
1.34957
1.22614
1.30705
1.31983
1.29193
1.12452
1.17749
0.880156
1.05701
1.35499
1.21325
1.28224
1.35441
1.6336
1.18822
1.33501
0.936351
0.94071
1.20615
1.43851
1.30711
1.31373
1.40281
1.15987
0.948028
1.00178
1.49466
0.956782
1.30155
0.9453
1.12501
1.3152
1.44144
1.64281
1.00004
1.50489
0.753953
1.09952
1.5107
1.32737
1.57
1.32922
1.34503
1.24017
1.20373
0.787961
1.15737
1.03075
1.19613
1.29942
1.08752
0.699658
0.994264
1.30584
1.26176
1.22909
1.2159
1.36004
1.42398
1.67788
1.44158
0.9073
1.4015
1.75744
1.60979
1.29857
1.69987
1.3916
1.48333
1.5788
1.60486
1.80928
0.781759
1.48754
1.5058
1.3867
1.40487
0.900224
1.58965
1.63783
1.52994
1.08712
1.46423
1.38452
1.58033
1.50237
1.59223
1.69483
0.922483
1.18065
1.2556
1.41705
1.61532
1.58097
1.53775
1.59495
1.16117
1.17925
1.34003
1.75302
1.50559
1.28165
1.41723
1.50709
1.08194
1.19485
1.22781
1.91499
1.27888
1.35952
1.05271
1.34481
0.960625
1.42635
1.15788
1.09016
1.48076
1.55985
1.51762
1.32155
1.14593
1.50175
1.04807
1.44322
1.1629
1.23035
1.12243
1.47179
1.51948
1.57922
1.70596
1.05763
1.27306
0.889385
1.39172
1.58605
1.28223
1.29857
1.37566
1.04134
1.09048
1.5387
1.63074
1.50267
1.03173
1.53688
1.23297
1.16078
1.16109
1.49779
1.39318
1.19513
1.42565
1.30666
1.17543
1.00003
1.02219
1.67375
1.39721
1.2335
1.05135
1.26823
1.29999
0.916377
1.42187
1.37164
1.60473
1.3588
1.52674
0.894991
1.57976
1.11426
1.09395
0.843451
1.07621
1.544
1.07101
1.2645
1.14687
1.27219
1.39972
0.71956
1.21193
1.30697
1.14244
1.24328
1.27654
0.952427
1.29019
1.29983
1.19134
1.4037
0.59539
1.2491
1.21767
1.17822
1.16897
1.63032
1.07173
0.925049
1.12023
1.08603
1.50708
1.21368
1.32084
1.38797
1.09586
0.969827
1.30534
1.13973
1.17616
0.92119
1.12848
1.22552
1.25906
1.52042
1.02067
0.97827
1.29255
1.08844
0.646106
1.28642
1.18721
1.01572
1.25503
1.44833
1.22783
1.12545
1.28241
1.31558
1.02479
1.38417
1.355
1.37512
1.21365
1.32091
1.22591
1.15666
0.797803
1.38633
0.980414
0.904705
0.686066
1.19776
1.01912
0.638572
1.66711
1.3447
1.30651
1.34671
1.33227
1.35231
1.42394
1.34879
1.40144
1.32036
1.45993
1.20236
1.46013
1.32287
1.77922
1.15584
1.49077
1.32023
0.951407
1.31194
1.33031
1.26487
1.30731
1.12235
1.19411
1.20444
1.68181
0.906178
1.20487
1.54423
1.05584
1.20641
1.34896
1.15372
1.50944
1.06733
1.40362
1.29827
1.14031
1.12655
1.3706
1.39121
1.55455
1.70186
1.55138
0.730592
1.45685
1.26702
0.992587
0.933044
0.902558
1.35214
1.15044
1.38424
1.03768
1.30244
1.3691
1.07766
1.6472
1.12362
1.07126
1.32051
1.25267
1.16555
0.828794
1.44995
1.52387
1.462
1.49676
0.95706
1.71966
1.27581
1.63337
1.43003
1.40315
1.59295
1.12512
1.13337
1.22508
0.566801
1.51423
1.26908
1.79071
1.46437
1.05653
1.22993
1.54324
1.07184
0.957246
1.30703
1.21945
1.60488
1.1177
1.34895
0.931459
1.40005
1.0188
1.30459
1.23305
1.18407
1.30046
1.29373
1.43255
1.18355
0.853797
1.07965
1.26291
1.1924
1.2181
1.26427
1.402
1.0143
1.143
1.42099
1.0389
1.07622
1.09167
1.24538
1.14802
1.00693
1.21647
1.28962
1.24749
1.36494
1.02395
1.57999
1.32694
1.20818
1.06519
1.12706
1.49444
1.20536
1.25218
1.18105
0.881968
1.20526
1.00385
1.45322
1.57917
1.02153
1.05177
1.44251
1.12644
0.629748
1.04806
0.929948
1.74165
1.14737
1.07675
0.948196
1.38831
0.805692
1.14107
1.13328
0.856503
1.3252
1.33645
1.06295
1.51476
1.4812
1.5476
1.45703
1.40224
1.26992
1.63454
1.20057
1.43904
1.10289
1.26691
1.45585
1.4597
1.01981
1.60976
1.70154
1.07711
1.78234
1.35234
1.50326
1.60427
1.62152
1.52572
1.56062
1.38786
0.846339
0.685548
1.07369
1.10723
1.32127
1.3501
1.1004
0.977071
0.736983
1.11296
1.45325
1.30582
1.1302
1.50824
1.10577
1.02055
1.75776
1.53396
1.33832
0.527766
1.17078
1.29297
1.31841
1.55585
1.29292
1.43484
1.43825
0.96353
1.49662
0.996491
1.13377
1.41905
1.71507
1.09563
1.47937
1.45206
1.08704
1.03089
1.37721
1.29624
1.31836
1.16306
1.1223
1.06224
1.31056
1.60157
1.34554
1.33896
1.28523
1.41081
1.29685
1.72013
1.27925
1.24812
1.30322
0.762761
1.21686
1.25387
1.14166
1.26237
1.07993
1.60107
1.03022
1.02544
1.46572
1.29643
1.21924
1.05977
1.3513
1.60773
1.35583
1.59722
1.44676
1.04153
1.24582
1.1375
1.13359
1.02771
1.35871
1.36092
1.30659
0.973824
1.21135
1.12696
1.40247
0.640341
1.18999
1.41405
0.968157
1.3505
0.887835
1.23347
1.26772
1.02059
1.02478
1.39678
1.09168
1.33815
1.12424
1.28145
1.3692
1.46705
1.28443
1.64337
1.34257
0.975581
1.12648
0.866459
0.941868
1.04529
0.791801
1.29425
1.11071
1.50039
0.762211
0.901855
1.28536
1.00396
0.802274
1.17483
1.23505
1.39293
1.22233
1.39339
1.10297
0.971686
1.22766
1.27277
1.08491
1.22465
1.41454
1.33025
1.08818
1.14616
1.1145
0.947912
1.18326
1.39027
1.02814
1.25296
1.35848
1.04053
1.18686
1.22655
1.08207
1.2999
1.05883
1.38213
1.10795
1.45602
1.18649
0.633801
1.38048
0.720776
1.18024
1.0328
1.53356
1.45305
1.28679
1.27321
0.822222
1.06508
1.09497
1.13492
1.66392
1.43383
1.30769
0.781464
1.51634
0.98655
1.11584
1.30788
0.80346
1.29352
0.727375
1.3821
0.999336
1.29376
1.16668
1.12623
1.24547
1.09091
1.00662
1.16921
0.962221
1.33211
0.908037
1.10714
1.54864
1.0157
1.37349
1.39263
1.23223
1.25278
1.16255
0.706761
0.9108
1.51594
1.31837
1.06702
1.344
0.783408
1.73804
0.96554
1.65216
1.24988
1.3523
1.52853
1.17297
1.33919
1.13416
0.877243
1.26023
0.922301
1.73706
1.33022
1.05973
1.19584
1.48856
1.1065
1.09805
1.421
1.29508
1.43725
1.39336
1.30237
1.2123
1.33918
1.26992
0.951907
1.31902
1.35795
1.26167
0.883138
1.20093
1.26237
0.954022
1.34132
1.33158
1.03975
1.29188
1.24576
1.0671
1.49889
1.37091
1.16801
1.22952
1.08947
1.28718
1.22006
1.14044
1.34224
0.95792
0.974859
0.840176
1.16008
1.43895
1.35066
1.39956
1.17419
1.34527
0.926578
1.19704
1.75392
1.09301
1.14466
1.43263
1.13696
1.09337
1.24332
1.14685
1.09271
0.989632
1.30747
1.61786
0.967479
0.995021
1.10857
1.15777
1.3311
1.4378
1.39146
0.945065
1.05329
0.571604
1.50481
1.20873
1.4363
1.50343
1.42936
1.22501
1.55891
1.35378
1.26997
1.42126
1.26579
1.19515
1.61107
1.09588
1.83214
0.995106
1.20724
1.28624
1.2678
1.39579
1.54705
1.26773
1.39225
1.19641
1.18829
1.12589
1.74331
1.17879
1.28384
1.36115
1.23206
1.30147
1.41236
1.39555
1.37264
1.21402
1.08805
1.44627
1.12943
1.13399
1.41449
1.35959
1.59237
1.72426
1.37697
1.40975
1.0263
1.38587
1.41223
1.29958
1.38505
1.58614
1.6638
1.47738
1.63971
1.49222
1.58696
1.25887
1.54105
1.60341
1.25925
1.66238
0.954356
1.15632
1.16955
1.38135
1.44866
1.48411
1.15407
1.28413
1.3231
1.2309
1.25463
1.56891
1.35665
1.36928
1.28973
1.50553
1.45106
1.40725
1.41811
1.35157
1.35032
1.04251
1.33387
1.39426
1.47086
1.59418
1.54665
1.80572
1.72658
1.39881
1.24007
1.35983
0.868136
1.49248
1.12624
1.11318
1.09956
1.00687
0.914119
1.32406
1.35647
1.17972
0.917003
1.20725
1.21948
1.37679
1.12562
1.6833
1.30048
1.24163
1.17784
1.02903
1.03813
0.998629
1.09127
1.31772
1.03983
1.48459
0.996323
1.10703
1.21806
1.32407
0.921324
1.31808
1.40262
1.32675
1.19426
1.23598
1.23296
1.1029
0.970675
1.31122
1.03437
1.27917
1.45243
0.871396
1.83162
1.38563
1.56612
1.5979
1.47619
1.57813
1.78135
1.49263
1.37753
1.71746
1.3862
1.37796
1.70998
1.40164
1.90388
1.20466
1.49714
1.37864
1.26904
1.7072
1.58287
1.34013
1.55018
1.29679
1.49249
1.44075
1.9432
1.29071
1.22951
1.75887
1.48003
1.44456
1.54439
1.45681
1.52002
1.31015
1.47141
1.62938
1.42375
1.32406
1.5634
1.58526
1.90669
1.94717
1.62481
1.1756
1.13141
1.1323
1.39826
1.024
1.13207
1.47874
1.39681
0.954808
1.29925
1.4035
1.35848
1.29995
1.13665
1.35908
0.970435
1.03167
1.33868
1.03209
1.17872
1.18298
1.17178
1.40577
0.97353
0.942179
1.09664
1.40617
1.33189
0.851798
1.29284
1.27739
0.989108
1.28811
1.20542
1.61972
0.996055
1.22488
0.87508
1.27296
1.0409
1.17672
0.870947
0.971609
1.07187
1.4211
1.30965
1.47979
1.24327
1.3239
0.881144
1.16155
1.3397
1.15998
1.13708
1.61156
1.33121
1.44527
1.37281
1.49574
1.31685
1.36796
1.33799
0.990181
0.812039
1.36769
0.980604
1.45367
0.959509
1.51644
1.22392
0.702063
1.20187
1.37783
1.16128
1.15832
1.67012
1.41847
1.6728
1.36627
1.38854
1.10723
1.42486
1.34076
0.970792
1.24533
1.46544
1.14343
1.37492
1.53402
1.40073
1.1551
1.52161
1.42761
1.12444
1.48389
1.44813
1.29108
1.33737
1.282
1.13164
1.18289
0.91805
1.13774
1.03152
1.06693
1.31138
1.17587
1.47228
0.698624
0.91517
1.21081
1.07711
1.32197
1.25626
1.15241
1.4171
1.0772
1.16975
1.52635
1.27839
1.4255
1.24101
1.14739
1.30837
1.2715
1.25703
1.1847
1.35049
1.42799
1.14599
1.30658
0.946282
1.30437
1.50792
1.05373
1.18812
1.43644
0.973988
1.38527
1.08444
1.30803
1.46307
1.13257
1.1763
1.3326
0.962589
1.18576
0.723414
1.02313
1.24682
1.33722
1.53833
1.16784
1.09204
1.14058
1.24071
0.591313
1.11085
1.10156
0.94668
1.31671
1.32313
1.23378
0.985012
1.37858
1.14794
1.10168
1.15796
1.02765
1.32775
1.13311
1.2098
1.28117
1.09083
1.61541
1.41493
1.20857
0.868306
1.21553
1.25316
1.31366
1.70317
1.00784
1.1626
1.65043
1.13498
1.49983
1.01619
1.3855
1.3606
1.33273
1.54967
1.59828
1.30073
1.55693
1.76781
1.19569
0.997692
0.83022
1.04066
1.45761
1.41314
1.35118
1.22956
0.867548
0.7024
1.3577
1.32442
1.01787
1.04421
1.31726
1.12241
1.32722
1.04244
1.1576
0.88885
1.16433
1.19406
1.39758
1.35372
1.18195
1.03708
1.22631
1.30362
1.44228
1.58924
1.20706
1.47569
0.955719
0.95182
1.48392
1.43542
1.36038
1.17002
1.25059
1.10733
1.1611
1.21726
1.05449
1.50027
1.32051
1.41158
0.932612
0.918471
0.917541
0.917598
0.896278
1.04948
1.15292
1.19651
1.44595
1.21385
1.47411
1.31829
0.932243
1.12427
1.25643
1.08391
1.69924
1.21942
1.33767
1.01588
0.857638
1.27406
0.612653
1.18351
1.0402
0.965091
1.22775
1.17856
1.40786
0.849759
1.38718
1.01494
1.09217
1.21277
1.33802
1.29252
1.23893
0.934701
1.13092
1.28239
1.26057
1.06975
0.987522
1.01455
1.01584
1.21596
1.48626
1.07637
0.821576
1.2477
1.18999
1.53908
1.33443
1.73617
1.21186
1.36772
1.62323
1.1669
1.45621
1.15727
1.11369
1.38903
0.964213
1.68587
1.49046
0.934764
1.25017
1.57918
0.99962
1.15606
1.56699
1.18439
1.71154
1.69275
1.36865
1.36278
1.46232
1.30846
0.583172
1.26415
1.2447
1.26144
1.66934
1.54448
1.51585
1.49424
0.82296
1.62046
1.18578
1.56872
1.22143
1.54125
1.76403
1.16885
1.35634
1.3647
1.06716
1.4485
1.22665
1.8533
1.63893
1.10771
1.4188
1.76788
1.37689
0.896381
1.38793
1.28602
1.65975
1.30557
1.62573
1.10089
1.3471
0.907787
1.31099
1.24735
1.19901
1.25985
1.48174
1.4161
1.44897
1.49627
1.50601
1.5052
1.10035
1.31837
1.13445
0.873879
1.29714
1.3491
1.26596
1.26976
0.903164
1.07138
1.39139
1.02373
1.34878
1.04665
0.515286
1.08124
1.19386
1.25126
1.42499
1.45398
1.34374
1.23995
0.720917
1.40754
1.23926
1.1437
0.82444
1.22278
1.60307
1.06009
1.16891
1.38207
1.15669
1.18341
1.22807
0.875345
1.43661
1.65255
1.47098
1.4771
1.08764
1.50554
1.26381
1.24705
1.73232
1.46345
1.1205
1.30311
1.54303
0.977924
1.47092
1.58355
0.78665
1.46128
1.5188
1.63372
1.42259
1.36505
1.4735
0.845105
1.56759
1.46447
1.21401
1.21887
1.42704
1.5145
1.41293
1.54406
1.05728
1.00913
1.38632
1.37439
1.51156
1.27211
1.51028
1.17291
0.833294
1.28994
1.44497
1.21434
1.40392
1.46626
1.27566
1.26575
1.32601
1.28953
1.62312
1.63783
1.14997
1.42185
1.07674
1.28587
0.946342
1.41652
1.41039
1.17884
1.26219
0.941747
1.12579
1.63568
0.838021
1.30115
1.51937
1.18902
1.68067
0.542567
1.56161
1.0647
1.29064
1.5535
1.44035
1.45195
1.34381
1.61449
0.945254
1.24988
1.03387
0.914592
1.19843
1.55178
1.39685
1.34176
1.07164
1.12614
1.05119
1.2613
1.00091
1.11385
1.65001
0.678499
1.41101
1.17202
1.62001
1.5384
1.36152
1.50712
0.998056
1.10819
1.08115
1.0512
1.80166
1.50681
1.42688
0.920781
1.58514
1.16574
1.1169
1.37598
1.09547
1.34075
0.985295
1.46968
1.06529
1.29414
1.16171
1.11183
1.17226
1.13642
1.1289
1.41434
1.55718
0.939202
1.47495
1.50263
1.07717
1.40946
1.00687
1.73492
1.34927
1.46483
1.49273
1.42207
1.34173
1.51712
1.68722
1.20406
1.39441
1.41218
1.20385
1.40696
1.58895
1.66519
1.38302
1.23997
1.29782
1.27221
1.36823
1.29854
1.0755
1.34484
1.03984
1.54444
1.37136
1.31314
1.3708
0.809243
1.28344
0.958849
1.11677
1.71973
1.18305
1.43383
1.03736
1.46165
1.11125
1.36294
1.38264
1.15544
0.848246
0.977278
1.47986
1.18639
1.15665
1.40806
1.1684
1.41429
1.44176
1.0404
1.04
1.38491
1.39281
1.69228
1.51673
1.49294
1.61042
0.934908
1.21801
1.59509
1.48312
1.47111
1.25591
1.19212
1.46352
1.35051
1.39916
1.2353
1.56258
1.19999
1.60423
1.09738
1.42739
1.34153
1.39032
1.40876
1.48106
1.59034
1.03009
1.42042
1.15412
1.40782
0.919057
1.46706
0.81717
0.966412
1.29997
1.4008
1.11155
1.26726
1.46048
1.14878
0.9456
0.95533
0.816654
1.33972
1.36987
1.28863
1.1971
1.0275
0.934812
0.993213
1.26912
1.04191
1.09886
1.20223
1.12491
1.25783
1.32183
1.34366
1.1032
1.04765
1.07191
1.20622
1.08709
1.56883
1.1529
1.33527
0.972934
0.732082
1.42905
1.52681
1.5911
0.880623
1.1965
1.12903
1.0482
1.3629
1.39259
1.36121
1.52149
1.20305
1.12131
1.2774
1.4692
0.940504
0.938499
0.966418
0.845119
1.55915
1.08916
0.87417
1.4126
1.37016
1.35161
1.75855
1.29443
1.16216
1.00712
1.02657
1.21004
1.47677
1.41523
1.13419
1.53874
1.29561
0.833329
1.00546
0.996299
1.31785
1.08328
1.26731
1.08279
0.859236
1.30052
1.4074
1.10376
0.851979
1.20035
1.43285
1.43927
1.42717
1.12367
1.06261
1.30106
1.0727
1.17386
1.08378
1.15403
1.13875
1.35969
0.99602
1.48331
1.19536
1.34218
0.994877
0.934479
1.33515
1.31517
1.32021
1.20381
1.49234
1.62145
1.48569
1.15363
1.24073
1.07736
1.40191
1.40715
1.46173
1.43385
1.61955
1.22575
1.21097
0.964239
1.12645
1.49237
1.17403
1.30503
0.950084
1.39818
0.692982
1.16181
1.11321
0.882552
1.00916
1.19885
1.22242
1.11072
1.14282
1.18505
0.932186
1.13869
0.996851
0.975154
1.45855
1.21167
1.77482
1.22734
0.880959
1.15227
1.29591
0.965787
0.997618
1.40934
1.34853
1.56446
1.28302
1.27758
0.942826
1.61013
1.25045
1.19025
1.22902
1.29921
1.50768
0.755394
1.21742
1.13974
1.45898
0.945745
1.00499
1.20044
1.10799
1.01034
1.20682
1.14438
1.16941
1.12654
0.984382
1.05903
1.14682
1.05406
1.02549
1.14547
1.26633
0.984508
1.22233
1.15431
0.866959
1.18635
1.26632
0.879306
1.22208
1.33485
1.50937
1.21894
0.842725
1.05143
1.16059
1.12513
0.883871
0.995325
1.14206
1.07393
1.53884
1.60641
1.44101
1.56298
1.78433
1.22532
1.26229
1.80423
1.86369
1.54635
0.759395
1.51037
1.36264
1.41992
1.61459
1.46154
1.477
1.32635
1.26097
1.34276
0.736902
1.08578
1.48366
1.4177
1.64933
0.848196
1.32733
1.37861
0.997441
1.22591
1.54263
1.31566
1.32694
1.71011
1.42687
1.45159
1.38635
1.04981
0.953123
1.39711
1.23682
1.65641
1.59106
1.389
1.14691
1.47843
1.15652
1.02101
1.34732
1.35221
1.41975
1.26522
1.06945
1.18531
1.50238
1.20539
1.48558
0.945672
1.18544
0.994761
1.49283
1.37491
0.95729
0.953936
1.08258
1.15941
1.17354
1.43726
1.38847
1.62696
1.26909
1.40925
1.36743
0.872211
1.42402
1.49007
1.29999
1.17527
1.6054
1.72941
1.24748
1.3215
0.845873
1.16107
1.35387
1.45007
0.947811
1.31974
1.2262
0.7605
1.09393
1.12525
1.28147
0.880112
1.18046
1.71236
1.33744
0.982411
0.948028
1.31216
0.582117
1.14746
0.93537
0.715091
1.29928
1.23931
1.40006
1.39672
1.03394
1.10922
1.00822
0.755056
1.486
1.28002
1.05537
1.43437
1.49457
1.36605
1.57289
1.21992
1.32918
1.06978
0.958401
1.3346
0.963909
1.25222
1.26832
1.69885
1.23872
1.06059
1.60454
1.49591
1.56929
1.76486
1.35224
1.39687
0.913087
1.18686
1.31934
1.53222
1.31005
1.43306
1.04459
1.31637
1.38909
1.29036
1.39625
1.34516
1.27348
1.37192
1.10263
0.862195
1.14574
0.685639
1.05976
1.26246
1.02161
1.39263
1.30937
1.40954
0.892102
1.25041
0.907993
0.708189
1.23581
0.996653
1.06189
1.22393
0.769353
1.29824
1.30277
