18.2902
18.2176
18.436
18.3103
18.4688
18.1222
18.6521
18.4279
18.2951
18.1441
18.604
18.3592
18.7286
18.1973
18.6196
18.4392
18.2477
18.243
18.6134
18.6708
18.4555
18.1712
18.4015
17.852
18.4137
18.1581
18.2062
18.3727
18.1962
18.0451
18.2514
17.9476
18.3188
18.2093
18.539
18.4051
18.43
18.3488
18.6234
18.1613
18.6595
18.0007
17.8077
18.5705
18.0476
18.8121
17.8901
17.7751
18.2197
18.4718
18.3881
18.1516
18.5504
18.3733
18.089
17.9525
18.148
18.3529
18.5959
18.7402
18.2411
18.3969
18.4542
18.5513
17.9837
18.4666
18.4485
18.2571
18.309
17.8734
17.8704
18.3392
18.0606
18.2063
17.9157
18.1535
18.1411
17.8154
18.1145
18.1844
18.4108
18.1203
18.7029
18.3846
18.3004
18.0607
18.2327
18.3592
18.094
18.6445
18.842
18.2944
18.3587
18.3059
18.5424
18.4908
18.6555
18.2987
18.3198
18.1189
17.8548
18.1239
18.3207
18.1476
18.4823
18.2565
18.2398
18.1568
18.5014
18.7361
18.335
18.211
18.2437
18.3875
18.0583
18.1801
18.5359
18.5535
18.3418
18.2684
18.4818
18.1636
17.8864
18.0751
18.3674
18.0908
18.1874
17.9832
18.0415
18.0778
18.1916
18.5231
18.3927
18.4878
18.2639
18.3547
18.5433
17.8985
18.4243
18.3924
18.2403
18.1211
18.0325
18.0055
18.1767
18.0491
18.0521
17.8548
18.5605
18.0061
18.7028
18.0317
18.2631
18.1905
18.2283
18.4888
18.4176
18.2527
18.2295
18.277
18.1305
18.2849
17.9935
18.106
18.5521
18.6818
18.8817
17.7614
17.8932
18.4977
18.2103
17.914
17.9157
18.5447
18.6663
18.4601
18.5299
18.1062
18.3219
17.9771
18.2706
18.2357
18.3482
18.1247
17.912
18.1585
17.6405
18.351
18.5656
18.4073
18.3236
18.0888
18.5171
18.5884
18.4446
18.3204
18.5301
18.1029
18.1123
17.7777
18.0267
18.1259
18.5513
18.2486
18.2546
18.269
18.3602
18.3459
18.1397
18.3968
18.1999
18.3221
18.2433
18.1667
18.1444
18.2334
17.9633
18.5169
18.2534
17.9947
18.0032
18.0028
18.1806
18.1015
18.1766
18.1599
17.9084
18.1925
17.9505
18.181
18.1837
18.2235
18.299
17.8898
18.2481
18.8051
18.3365
18.08
18.3699
18.2724
18.3429
18.2327
18.3662
18.4083
18.267
18.3921
18.1559
17.86
18.0473
18.3017
18.4858
18.1425
18.0283
17.7286
18.1544
18.4425
18.1514
18.5559
18.1196
18.3062
18.2641
18.0454
18.1589
18.4942
17.7083
18.2057
18.0695
18.5166
18.4112
18.0978
18.5741
18.1818
18.4558
18.4424
18.0383
18.638
17.8766
18.3228
18.2229
18.2431
18.7386
18.1101
18.1666
17.8624
18.6053
18.3189
18.1537
18.4147
18.3249
18.3327
18.2041
18.4117
18.4835
17.9432
18.0049
18.1178
17.8392
18.3458
18.2671
18.4568
18.4764
18.1221
18.3828
18.0908
18.2659
18.0163
18.4709
18.5216
18.0212
18.279
18.5161
17.9092
18.2212
18.2797
18.5353
18.0603
18.0336
18.1667
17.7608
17.5423
17.7181
18.2977
17.9949
17.8349
18.2432
18.6141
18.1532
18.0719
18.1585
17.8652
17.7406
18.3565
17.4497
18.116
17.9504
18.1451
17.5947
18.2635
18.1207
18.3394
17.8494
18.5134
17.9409
18.3144
18.5267
18.3043
18.5354
17.68
17.8479
18.1657
18.0697
18.31
18.1253
18.1084
17.9953
17.5901
18.1444
17.9086
18.2091
18.3831
17.8646
18.2148
18.2094
17.866
17.8885
17.9685
17.9081
18.2549
18.1152
17.9434
18.0763
18.1946
17.8193
18.3863
18.0563
18.0989
18.2541
17.7977
17.7359
18.3675
18.5961
18.1868
17.943
17.9956
17.956
18.3235
18.1231
18.592
18.1646
18.1513
18.2238
18.153
17.9305
18.1803
18.4303
18.1082
18.7284
18.2771
18.067
18.0256
18.09
18.4054
18.0182
17.8801
18.786
18.3921
18.2636
18.1061
18.0973
18.302
18.4179
17.8807
18.389
18.176
18.4311
18.1982
18.2841
17.4584
18.2196
18.0605
18.5194
18.5617
18.1165
18.3605
18.3167
18.1836
18.4272
18.3513
18.3791
17.8747
18.3434
18.1332
18.5519
17.9534
18.4796
18.4612
18.3801
18.4498
18.6952
18.3616
18.2957
18.3904
18.4127
18.2492
18.6162
18.4715
18.2721
18.6163
17.4329
18.1351
17.9414
18.2819
18.1927
18.1653
18.6307
18.1669
18.0931
18.1156
18.27
18.1526
18.0329
18.4361
18.6762
18.3372
18.3686
18.0013
18.4095
18.048
18.35
18.5698
18.6646
18.2379
18.1067
18.3098
17.9301
18.2795
18.2278
18.2083
18.4875
17.8219
18.754
18.6947
18.5492
17.9771
18.2707
18.1526
18.5268
18.3402
18.4649
18.5503
18.2913
18.6827
18.172
18.3932
18.3898
18.4634
18.4814
18.0317
18.3976
18.584
18.3868
17.8704
18.2023
18.4142
17.9551
18.0698
18.5822
18.8282
18.5026
18.2522
18.3085
18.2503
17.8332
18.3919
18.3842
18.5249
18.0115
18.3197
18.0525
18.2903
18.4652
18.234
18.3762
18.3679
18.1194
18.0978
18.4096
18.3017
18.4238
18.5721
18.7747
18.2601
18.5288
18.4521
18.1619
18.2828
18.3172
18.473
18.2244
18.1631
18.1883
18.3401
17.9364
18.0264
18.2782
18.2728
18.1799
18.2929
18.3298
18.2339
18.3643
18.4232
18.4131
18.4591
18.1321
17.9994
18.3533
18.2975
18.1084
18.3481
18.2794
18.2333
18.2522
18.376
18.3565
18.5115
18.0528
18.3843
18.3554
17.9965
18.9204
18.2606
17.7971
18.5365
18.3292
18.1893
18.598
18.3477
18.3166
18.3816
18.1644
18.1898
18.1453
18.3837
18.0534
18.3429
18.154
17.9848
18.2509
18.1779
18.0001
18.609
18.4188
18.1341
18.1138
18.3821
18.095
18.135
17.9313
17.624
18.6235
18.1338
17.9086
18.2341
17.8285
18.1582
18.7799
18.5439
18.606
18.2617
18.0303
17.9983
17.8115
18.2986
18.4437
18.0424
17.9469
18.2247
18.4169
18.2027
18.4916
18.5278
18.148
18.2818
18.0993
18.745
18.5766
18.4122
18.595
18.0393
18.3043
18.5779
18.4837
18.1984
18.3632
18.1998
17.9492
18.24
18.2644
18.0445
18.1612
18.3552
18.3647
18.0939
18.5983
18.3513
18.077
18.2005
18.188
18.4046
18.5524
17.8724
18.3134
18.3543
17.9581
18.104
18.6588
18.2681
18.552
18.1127
18.1365
17.8602
18.0597
18.6728
18.221
18.093
18.0185
18.2122
18.404
18.5242
18.3565
18.0758
18.4077
18.3707
18.4018
18.2639
18.5119
18.3585
18.0379
18.5742
18.5492
18.2095
18.0721
18.7158
18.101
18.197
18.2093
18.5149
18.2808
18.6239
18.5401
18.4686
18.4479
18.4787
18.5622
18.5711
18.089
18.4827
18.4871
18.7996
18.5954
18.3655
18.1421
18.7137
17.9149
18.7327
18.1705
18.3745
18.1611
18.1834
18.2944
18.475
18.2501
18.6567
18.1827
18.6499
18.2542
18.3117
18.4181
18.2984
18.5765
18.3574
18.4342
17.9713
18.5744
18.4623
18.3572
18.7738
18.1157
18.0743
18.5118
18.2562
18.1849
18.5027
18.0775
18.113
18.7824
18.349
18.0332
17.8855
18.0612
18.261
18.2304
18.4072
18.0006
18.3903
18.4394
18.7891
18.3831
18.945
18.1746
18.1718
18.3087
18.2318
18.6778
18.5123
18.0623
18.3679
18.2892
18.4438
18.7554
18.4902
17.9595
18.2492
18.7487
18.3418
18.7313
18.6221
18.0296
18.0467
18.2151
18.269
18.0689
17.9667
18.3178
17.865
18.5494
18.6163
18.508
18.0496
18.2319
18.2366
18.3889
18.2619
18.1329
18.1698
18.2714
18.2838
18.3328
18.0551
18.6276
17.9837
18.3977
18.6185
17.7702
18.4478
18.4077
18.5974
18.6413
18.5649
18.3917
18.2936
18.2918
18.2001
18.2715
17.9422
18.7998
18.4425
18.6608
18.501
17.7958
18.7554
18.2147
18.4167
18.5485
18.6408
18.6966
18.4165
18.6407
18.1745
18.411
18.1142
18.0763
18.1442
18.6429
18.224
18.0251
18.2705
18.2033
18.4947
18.5122
18.387
18.2861
18.361
18.4172
18.1805
18.6686
18.2943
18.2758
18.1289
18.2009
18.3004
18.102
18.5523
18.4464
17.9921
18.5109
18.7146
18.0338
18.343
18.5833
18.3691
18.7606
18.3035
18.274
18.5122
18.2039
18.0314
18.534
18.3436
18.6255
18.5914
17.9972
18.0346
18.3446
18.2856
18.2879
18.0706
18.5292
18.764
18.13
18.4327
18.3238
18.1227
18.1183
18.3603
18.4779
18.1868
18.2861
18.5673
18.3822
18.7724
18.4108
18.1749
18.1704
18.5611
18.4938
18.0482
18.2253
18.3559
18.3089
18.505
18.6394
17.9977
18.5949
18.2019
18.465
18.5944
18.8349
18.5541
18.3876
18.0436
18.2161
18.2591
18.1725
18.338
18.0187
18.3392
17.9671
17.8071
18.1688
18.0263
18.2452
18.4115
18.5108
18.541
18.2366
18.58
18.3103
18.0934
18.4099
18.3263
18.5951
18.5126
18.385
18.2524
18.4083
18.5014
18.5437
18.2627
18.2958
18.4154
18.2789
18.2228
18.2267
18.1427
18.6138
18.2415
18.5326
18.3731
18.2069
18.4637
18.2422
18.4601
18.3406
18.7614
18.4028
18.3468
18.0391
18.8831
18.3857
18.3883
17.9809
19.0339
18.2593
18.4713
18.1776
18.4091
18.2653
18.189
18.1639
18.1643
18.4896
18.3314
18.3462
18.0304
17.8823
18.3806
18.4394
18.7594
18.1707
18.4136
18.3587
18.6613
18.1698
18.1833
18.4014
18.5334
18.0849
18.3984
18.0958
18.0864
18.2372
18.6952
18.2755
18.5028
19.0076
18.4852
18.3758
18.2887
18.338
18.3723
18.5768
18.6418
18.7178
18.3007
18.2123
18.5257
18.4671
18.5031
18.3236
18.5402
18.6197
18.5058
18.4506
18.1478
18.6556
18.3521
18.5608
18.1337
18.6859
18.4595
18.6653
18.2677
18.1156
18.5958
18.4843
18.1475
18.3169
18.564
18.3171
18.1286
18.5712
18.2441
18.2436
18.7669
18.5341
18.1348
18.222
18.6547
18.4211
18.3221
18.5009
18.229
18.2043
18.3673
18.1278
18.2516
18.2682
18.6983
17.9659
18.6399
18.6398
18.2611
18.2472
18.5213
18.1659
18.2778
18.2864
18.0698
18.4234
18.0742
18.2915
18.1998
18.4292
18.2305
18.7391
18.7786
18.8051
18.463
18.1026
18.6151
17.8724
18.2427
18.2258
18.1954
18.146
18.61
18.1157
18.3457
18.3467
18.5213
18.198
18.5544
18.1733
18.4475
18.3796
18.0319
18.382
18.4831
18.3783
18.9124
18.3117
18.1443
18.5234
18.5827
18.5199
18.1658
18.3137
18.1537
18.4387
18.4615
17.9625
18.0879
18.3192
18.5215
18.0992
18.3915
18.518
18.6825
18.4908
18.3946
18.0787
18.383
18.4464
18.1585
18.4238
18.5963
18.4563
18.3925
18.442
18.2298
18.3087
18.6412
18.0489
18.3139
18.3232
18.1459
18.1591
18.3427
18.5717
18.3248
18.2669
18.0437
18.0082
18.1514
18.7686
18.6213
18.7756
18.3684
18.3542
17.8694
18.4603
18.5355
18.301
18.3833
18.5612
18.6163
18.255
18.3813
18.7134
18.2965
18.3194
18.5134
18.887
18.6918
18.6204
18.3941
18.4283
18.5985
18.2621
18.3023
18.1641
18.3764
18.2738
18.3169
18.5711
18.1822
18.3754
18.454
18.4632
18.3636
18.6019
18.3151
18.1778
18.3768
18.244
18.4761
18.459
18.6587
18.2666
18.5601
18.2721
18.2206
18.1156
18.4996
18.2595
18.0369
18.7685
18.0902
18.4358
18.66
18.3318
18.3335
18.2088
18.4695
18.255
18.6534
18.3533
18.4341
18.0292
18.2513
18.5439
17.9414
18.6491
18.4336
18.5518
18.4472
18.3634
18.7759
18.6251
18.3938
18.1798
18.3755
18.4573
18.156
18.3927
18.2844
18.0839
18.1921
18.5983
18.7368
18.2472
17.7688
18.8451
18.4185
18.0098
18.4706
18.5379
18.3396
18.3695
18.1438
18.3
18.2561
18.2648
18.3238
18.2098
17.9209
17.9377
18.4624
18.3241
18.5019
18.3983
18.3539
18.2477
17.9742
18.3514
18.5235
18.0829
18.1918
18.4982
18.243
18.6027
18.1548
18.3283
18.1268
18.5362
18.4835
18.7549
18.8503
18.048
18.211
18.1366
18.4226
18.7388
18.6163
18.2839
18.4727
18.2762
17.997
18.1449
18.4178
18.303
18.3476
18.6012
18.0411
17.9704
18.1298
18.3537
18.1204
18.164
18.628
18.4121
18.4412
18.2625
18.2644
18.2506
17.9689
18.2567
18.391
18.2597
18.3072
18.0955
18.3401
18.1574
18.3125
18.2649
18.3409
18.2076
18.3763
18.4365
18.3438
18.2101
17.7466
18.0583
18.3377
17.9293
18.2558
17.6906
18.1328
18.4896
18.3558
18.073
18.2711
18.2488
17.9874
18.0318
17.8701
18.0899
18.4398
18.2948
18.533
17.6231
18.1743
18.2893
18.1713
18.5871
18.3264
18.1447
17.9497
17.9656
18.1349
17.9605
18.5604
18.2725
18.3237
18.2289
18.471
17.8085
18.257
18.4892
18.1255
18.5295
18.4789
18.5384
17.9725
17.9516
18.2877
17.9572
17.6887
18.3495
18.4442
18.006
18.2697
17.668
18.3641
18.4671
18.1707
18.2005
18.2709
18.3302
17.7997
18.2938
17.9997
18.3085
17.9645
17.9231
18.4769
18.4173
18.0311
18.1581
17.9243
18.1529
18.2059
17.6396
18.2532
18.0661
18.1462
17.7764
18.5019
18.5419
18.3102
18.1033
18.096
18.0488
17.7606
18.0367
18.3924
18.1789
17.9468
18.0361
18.5294
18.4734
18.8886
18.4136
18.3476
17.9905
18.3456
18.7266
18.4859
18.0713
18.3135
18.5021
18.1581
17.9855
18.5089
18.1146
18.2212
18.4438
18.4242
18.4853
18.2222
18.2632
18.6158
18.216
18.2907
18.0881
18.0653
17.9067
18.3622
18.0982
18.3688
18.3178
17.977
18.4999
18.4351
18.4515
18.5822
18.5844
18.0127
18.6486
18.3683
18.5149
18.2869
18.0756
18.2834
18.4435
18.0347
17.8908
18.5806
18.5527
18.1357
18.1778
18.4556
18.4043
18.202
18.3257
18.6303
18.1366
18.1314
18.4934
18.3875
18.496
18.0686
18.1819
18.9025
18.238
18.3372
18.2006
18.5203
18.4033
18.1367
17.9686
18.0692
18.3853
18.5692
18.3848
18.4552
17.9951
18.5087
18.2397
18.0801
17.9201
18.3946
18.181
17.7733
18.2493
18.2867
18.258
17.8186
18.5578
18.3007
18.3546
18.174
18.3021
18.4793
18.3201
18.3602
18.2957
17.6744
18.0445
18.6369
18.2497
18.6414
18.3681
18.3485
18.2676
18.1058
18.147
18.4188
18.3356
18.3049
18.3859
18.1099
18.3597
17.8678
18.6297
18.2129
18.636
18.5097
18.2482
19.0043
18.1614
18.4867
18.1876
18.0851
18.2848
18.4576
18.2477
18.1482
18.1676
18.1491
18.0581
18.3178
18.4814
18.6198
18.3474
18.1435
18.122
18.4765
18.1151
18.1105
18.329
18.3877
18.2323
18.3097
18.4156
18.2614
18.2858
18.4658
18.1519
18.3943
18.3622
18.6252
18.2732
17.9185
18.0215
18.6076
18.7519
18.081
18.2555
18.3978
18.2033
18.408
18.3842
18.2351
18.3731
18.0451
18.5653
18.1641
17.9631
17.9636
18.4186
18.4443
18.2394
18.4154
18.4919
18.0094
18.1939
18.029
18.0909
18.2769
18.8359
18.7215
18.8159
18.1505
18.6063
18.6069
18.3067
18.3439
18.2974
18.4893
18.333
18.5393
18.3031
18.3993
18.1001
17.9633
18.7006
18.2424
18.927
18.2749
18.9558
18.6981
17.8708
18.2767
18.3859
17.9526
18.1594
18.3551
18.3368
18.4675
18.0915
18.0751
18.0815
18.2468
18.3543
18.0174
18.5313
17.9461
18.4592
18.5184
18.3988
18.2132
18.1076
18.1445
18.6475
18.1732
18.2459
18.1531
17.7764
18.3472
18.23
18.4152
18.4696
18.2787
17.7608
18.3781
18.4102
18.2894
18.5751
18.4699
18.2381
18.2596
18.2245
18.2353
18.4291
18.1206
18.3087
18.1561
18.2252
18.2422
18.1731
18.1084
18.2051
18.0181
17.8863
17.6142
17.7174
18.0729
17.9311
17.6192
18.1074
18.3192
18.3342
18.1762
18.5851
18.333
17.9278
18.1095
17.8747
17.7837
18.2444
17.7358
17.9889
18.1133
17.774
18.164
17.9028
17.7686
17.7905
18.148
17.9233
18.2463
18.3207
18.2866
18.3199
17.9907
17.7475
17.8774
18.2408
18.0541
18.0567
18.2566
18.0069
18.1176
18.1378
18.2069
18.4251
17.8102
17.2756
17.8571
18.3072
18.113
18.133
17.6629
18.2399
17.9556
17.7089
18.0225
17.8234
18.1906
18.0097
18.3084
18.1219
18.2427
18.1756
17.8872
18.0843
17.7247
18.2239
18.4973
18.0992
17.6926
17.848
17.9229
18.0727
18.5452
18.0558
17.9014
18.496
18.6358
18.5077
18.6317
18.5924
18.0789
18.4788
18.2776
18.6641
18.3679
18.8318
18.6785
18.3214
18.6279
18.6683
18.3718
18.692
18.6426
18.2553
18.3079
18.3535
18.3344
18.612
18.7911
18.6065
18.4845
18.5925
18.6319
18.358
18.4947
18.5938
18.5735
18.3606
18.8638
18.9434
18.602
18.8265
18.6057
18.3802
18.6431
18.7079
18.4656
18.415
18.4965
18.2966
18.2755
18.4757
18.47
18.8467
18.7182
18.234
18.2702
18.5785
18.6
18.1214
18.2178
18.2249
18.6903
18.355
18.507
18.9653
18.7434
18.1632
18.3689
18.6518
18.6831
18.5296
18.4355
18.429
18.4206
18.6218
18.4895
18.403
18.7038
18.349
18.3379
18.7297
19.0081
18.4542
18.1935
18.2652
18.2741
17.9841
18.1841
17.9226
18.2973
18.2451
17.8241
17.8504
17.9208
18.1466
17.8053
18.2844
18.1471
18.4646
18.2622
18.1718
18.0247
18.1413
18.1522
18.532
18.3524
18.5622
18.2728
18.4763
18.1876
17.9423
17.773
18.1382
18.2081
18.3104
18.2362
17.9531
18.6582
18.2013
18.6901
18.5196
18.2243
18.1931
18.3949
18.0732
18.6745
18.3957
18.5043
18.0238
18.2002
18.479
18.4492
18.2732
18.1359
18.0693
18.4075
18.2658
18.0788
18.1433
18.2491
18.6091
18.3455
18.0812
18.1192
18.6096
18.2951
17.9311
18.2478
18.2942
18.3044
18.0041
17.9834
18.1211
18.1778
18.4337
18.4442
18.2449
18.2779
18.6632
18.5415
18.4166
18.1935
18.3352
18.8135
18.3563
18.3773
18.0968
18.0355
18.6481
17.9656
18.5438
18.3719
18.4261
18.1776
18.3231
17.9502
18.5398
18.6514
18.2435
18.2564
18.2639
17.8571
18.3462
18.3671
18.5515
18.4481
17.8815
18.0263
18.5113
18.6232
18.693
18.1602
18.4205
18.2481
18.5654
18.6441
18.5512
18.4321
18.064
18.3157
17.9389
18.1711
18.2122
18.337
18.394
18.3695
18.2092
18.4583
18.0159
18.1635
18.6285
18.0881
17.87
18.2541
18.1842
18.4455
18.4247
18.847
18.363
18.853
18.0346
18.3585
18.4818
18.3818
18.3048
18.5074
18.3532
18.2757
18.3792
17.9656
17.9197
18.6341
18.4983
17.9811
18.2615
18.4315
18.5483
18.7151
18.6681
18.3256
18.2755
18.3556
18.3196
17.7108
17.9941
17.9784
18.3641
17.819
18.1523
18.2117
17.8234
17.9884
18.0503
18.1777
17.8705
18.2406
18.2097
18.2923
17.7729
18.252
18.279
18.4691
17.7408
18.0417
18.1161
18.2437
18.1644
18.4269
18.1483
18.7109
18.1964
18.5948
18.22
17.8839
17.9968
18.4419
17.6798
17.9577
18.1185
18.3379
17.9682
18.0969
17.7435
18.1961
18.3514
18.3345
18.2635
18.2157
18.0663
17.7321
18.4191
18.0634
17.658
18.0122
18.2059
18.2404
18.0787
18.0293
18.0786
17.8536
18.1197
17.9057
17.8332
18.2955
18.3546
18.3354
18.3364
18.1512
17.9457
18.1108
17.9742
17.6644
18.3306
18.4615
17.8004
18.0247
18.0007
17.9326
18.3642
18.5016
18.4005
18.3939
18.556
18.455
18.4171
18.2759
17.9414
18.3184
18.7453
18.6892
18.6277
18.4298
18.4737
18.4283
18.159
18.2299
18.2589
18.5767
18.4365
18.1809
18.0935
18.1491
18.1419
18.3271
18.3381
18.376
18.3884
18.3901
18.0962
18.61
18.5227
18.0198
18.4292
18.3688
18.7518
18.1875
18.4494
18.453
18.3193
18.2944
18.6305
18.233
18.5497
18.2968
18.4268
18.5001
18.022
18.6928
18.3085
17.6752
18.6405
18.6676
18.7154
18.3056
18.3052
18.5687
17.8921
18.6201
18.0474
18.7938
18.1983
18.3392
18.5267
17.7891
18.3098
18.6482
18.193
17.8055
18.3247
17.9367
18.3933
18.4004
18.3319
18.4178
18.3484
18.2036
18.6751
18.1307
18.4963
18.0659
18.4152
18.1388
18.4847
18.2824
18.2978
18.5268
18.6251
18.4316
18.0513
18.1711
18.411
18.191
18.5775
18.0609
18.0303
17.9498
18.0522
17.8783
18.6614
18.3715
18.4949
18.1728
18.2121
18.6838
18.116
18.0297
18.0689
18.0627
18.3314
18.4707
18.2856
17.7089
18.2176
18.2595
17.8867
18.097
18.3123
18.1946
18.4034
17.6337
17.6897
18.328
18.4258
18.3854
18.2043
18.4399
17.8385
18.3325
18.2824
18.1894
18.2859
18.0786
18.3335
18.4627
18.1864
18.3495
18.3968
18.2083
18.1288
17.989
18.6505
18.1912
17.9865
18.0275
18.2804
18.2645
18.6663
18.1328
18.3817
17.9498
18.3803
18.3345
17.8895
18.4389
18.1696
18.1642
18.194
17.7821
18.2638
18.4197
18.1353
17.96
18.0515
18.5165
18.2763
18.1943
18.2083
18.2482
18.3135
18.3132
18.0615
18.2824
18.2763
18.3295
18.4975
17.9015
18.5167
18.6412
17.9393
18.501
18.156
17.9634
17.8391
18.3345
18.3323
17.9271
18.5422
18.0856
18.2707
17.7847
18.2995
18.4566
18.2129
18.359
17.8355
18.3386
18.1811
18.278
18.2486
18.3199
18.571
18.49
18.3545
18.1962
18.2687
18.0382
18.3253
18.1664
18.1915
18.1748
18.1245
18.3792
18.0173
18.5227
18.3795
18.4178
17.8562
18.2907
18.5802
18.3824
18.302
18.0465
18.1503
18.194
18.1449
17.7668
18.1528
18.1394
17.7634
18.1814
17.6872
18.3786
18.4982
18.1296
18.2765
18.289
18.1823
17.9926
18.1272
18.4055
18.3008
17.9418
18.2656
18.0328
17.8119
18.5271
17.8022
18.2181
17.5026
18.0861
18.5303
17.9056
18.492
17.8965
18.1178
17.9486
18.0734
18.112
18.2681
18.1433
17.8233
18.2236
18.2443
17.8651
17.9647
18.0779
18.1481
17.8383
18.2081
18.4588
17.7443
17.8357
17.75
18.518
17.9509
18.2519
17.8432
18.419
18.1435
18.2863
18.2619
18.3142
18.1099
18.3229
18.0954
17.7401
18.0269
18.452
18.5762
17.5494
18.2929
18.1265
18.1307
18.8221
17.3741
18.3426
18.7555
17.9231
18.0834
18.5462
18.6266
18.3813
18.4898
18.319
18.3613
18.6326
18.1546
18.3259
18.1074
18.4842
18.5473
18.4591
18.0893
18.4187
18.3516
18.8224
18.4512
18.4541
18.3292
18.3459
18.1887
18.3902
18.567
18.3847
18.525
18.2831
18.2046
18.413
18.7121
18.4777
18.1795
18.6108
17.9893
18.3126
18.4038
18.2785
18.2356
18.2681
18.0325
17.8178
18.6987
18.2502
18.159
18.2038
18.0276
18.6187
18.3755
17.935
18.4347
18.6779
18.4492
18.4784
18.4306
18.4262
18.2965
18.0998
18.8876
18.499
18.0888
18.5077
18.1308
18.4844
18.1331
18.678
18.5334
18.544
18.1032
17.8045
18.3537
18.1096
18.613
18.2369
18.1966
18.3377
18.3558
18.2166
18.4644
18.3221
18.0008
18.0195
18.2488
18.183
18.418
17.916
18.4068
18.17
18.2907
18.2866
18.4106
18.3127
18.4225
17.733
18.802
18.5903
18.5154
18.2786
18.4224
18.4061
18.2017
18.5333
18.0802
18.2051
18.1371
18.1926
17.9472
18.1454
18.451
18.3894
18.3056
18.1274
18.0257
18.4275
18.1003
17.8081
17.6811
18.3644
18.6706
18.2916
18.137
17.9683
18.3627
18.1675
18.3113
18.1828
18.1805
18.0808
18.3039
18.1127
18.0417
18.3691
18.4417
17.8876
18.7526
18.4599
18.3153
18.4008
18.4456
18.0333
18.3991
18.0876
18.2649
17.8257
17.7999
18.4418
18.384
18.1817
18.042
18.2691
17.939
18.3141
18.6351
18.157
18.1036
18.3475
17.5865
18.2922
18.3146
18.1654
17.9614
18.1712
18.3585
18.0191
18.132
18.531
18.1155
18.2982
17.6399
18.0508
18.2008
17.9317
18.205
18.0911
18.259
17.9578
17.9319
18.0951
17.6926
18.3504
18.3737
17.511
18.3533
18.3765
18.2148
18.6106
17.9604
18.0966
18.2624
17.9388
18.3353
17.6723
18.3433
18.4067
18.2463
18.3748
17.9612
18.0484
18.1867
18.0265
17.9488
18.1825
18.3367
18.1496
17.8429
18.0508
18.5237
18.1623
18.3943
17.8656
18.0672
18.4778
17.7583
18.3566
18.5247
18.4818
18.7385
18.0515
18.1244
17.7843
17.9414
18.3491
18.2153
17.9588
18.3811
18.0889
17.8688
17.9046
18.6006
18.2281
18.0447
18.528
18.0422
17.8355
18.1913
18.6266
18.0366
18.1394
18.3282
18.3327
18.4069
18.0386
18.1897
18.0823
18.4592
18.0989
17.7842
18.0342
18.0155
18.553
17.6686
17.7889
18.4882
18.1382
18.3799
18.1797
18.3235
18.0502
18.6603
18.2151
18.2813
18.48
17.9529
18.4051
18.1324
18.2486
18.3228
17.7941
17.8359
17.9451
18.3077
18.3776
18.1071
18.1797
18.3272
18.6241
18.1771
18.2395
18.1403
17.666
18.0688
18.2657
18.366
18.4829
18.653
18.518
18.2078
18.7552
18.2492
18.2846
18.4449
17.7808
18.1354
18.2145
18.466
18.2236
18.1468
17.9987
17.9729
18.5983
18.1465
18.4131
18.2098
17.9716
18.4845
17.9014
18.0769
18.0366
17.8973
18.2929
18.1513
18.3975
17.9289
18.1746
18.4142
18.2086
18.2428
18.4549
18.3004
17.7408
18.6995
18.5148
18.4841
18.3898
18.4208
18.5353
18.2861
18.167
17.949
18.3682
18.4554
18.5537
18.4359
18.3979
18.059
18.2968
18.3416
18.0542
18.3141
18.5734
18.0079
17.8799
18.2891
18.2058
18.3538
18.2749
18.192
18.3652
18.0644
17.9354
18.2916
18.3082
18.2898
17.8249
17.8184
17.9345
17.9666
18.1302
18.2479
18.0456
18.2131
17.7127
18.1741
18.1533
18.2963
17.7637
18.3813
17.9531
18.1442
18.1893
17.9069
18.1103
17.8874
18.1664
18.2452
18.0787
18.0315
17.9617
17.8965
18.1832
17.8468
18.0936
18.2053
18.0615
18.2253
18.0682
17.4917
18.3642
18.4809
17.7613
17.7251
18.1718
18.0186
18.4005
18.0529
18.0976
18.1226
17.8513
18.2448
17.8175
17.989
17.7992
17.9134
17.7172
17.7529
17.865
18.2392
18.0588
17.8921
17.7775
18.0551
18.0367
18.4698
17.6093
17.8757
18.3289
18.525
18.416
18.1227
18.3194
18.2759
17.7683
18.1165
18.1456
18.2742
18.2415
17.9534
18.2335
18.0958
18.4854
18.0568
18.2375
18.674
18.3477
18.1968
18.8121
18.2163
18.7138
18.3172
18.2355
18.2444
18.0105
18.0906
18.1324
17.9703
18.2545
18.1506
18.1923
18.2077
18.2301
18.6408
18.3646
18.5441
18.2605
18.5249
17.8546
18.1388
18.2832
18.1092
18.3558
18.0535
18.2054
18.4265
18.4042
18.4961
18.5521
18.6454
18.4688
18.5036
18.1252
17.956
18.1183
18.4812
18.2171
18.2522
17.9593
18.2976
17.9217
18.41
18.7595
18.0859
18.2181
18.3039
18.3797
18.272
17.9137
18.2862
17.8566
18.2343
18.7224
18.4341
18.1546
17.987
18.4917
18.4104
17.9931
17.9913
18.8946
18.4215
18.2492
18.4454
17.8412
18.2474
17.9243
18.3608
18.3903
18.3194
17.9138
18.3698
18.2225
18.3656
18.0478
17.887
18.1187
18.3294
18.438
17.9636
18.0316
18.7068
17.8636
18.3648
17.9411
18.2868
18.2044
18.4147
18.2541
18.0048
18.3259
18.2547
18.6596
18.2447
18.389
18.0304
18.0404
18.1083
18.0128
18.0953
18.4121
18.4819
18.1126
18.2786
18.2829
18.413
18.3567
17.9655
18.2682
19.0026
18.1233
18.5155
18.4453
18.2928
18.0602
18.5934
18.3566
18.3924
18.6206
18.6905
19.0547
18.8163
18.5359
18.4093
18.6886
18.3578
18.4218
18.779
18.7253
18.7395
18.0215
18.3806
18.3153
18.9658
18.0057
18.3383
18.4346
18.512
17.8322
18.386
18.2996
18.1761
18.8901
18.1948
18.3651
18.4115
18.4638
18.5736
18.4674
18.6991
18.4798
18.1697
18.5339
18.0788
18.684
18.3845
18.5254
17.9884
18.2698
18.3481
18.2852
18.208
18.0031
18.5287
18.7211
18.5161
18.5127
18.5279
18.8027
18.5385
18.5515
18.3005
18.5707
18.4233
18.3855
18.42
18.3882
18.2894
18.0961
18.6282
18.4005
18.2931
18.5728
18.4449
18.1646
18.3618
18.3799
18.7082
18.6613
18.6113
18.3343
18.5278
18.4385
18.6106
18.3892
18.9146
18.0187
18.2076
18.7183
18.8101
18.1246
18.2475
18.751
18.5574
18.9225
18.4246
18.2063
18.1278
18.5022
18.5549
18.2196
18.3139
18.1731
18.5559
18.707
18.2976
18.5796
18.7508
18.6103
18.5963
18.4147
18.3172
18.6792
17.8488
18.5624
18.095
18.5007
18.5926
18.6266
18.2836
18.4187
18.4933
18.434
18.7155
18.4941
18.372
18.0211
18.2285
18.0612
18.0624
18.3649
18.0485
18.2175
18.3047
17.8616
18.412
18.26
18.4163
18.4207
18.4733
18.0097
18.1153
18.4123
18.5282
18.5127
18.1666
18.5085
18.4383
18.4914
18.2052
18.133
18.5357
18.2321
18.3671
18.489
18.0377
18.305
18.2436
18.0612
18.2661
18.6725
18.1138
18.5164
18.1508
18.4432
18.6016
18.4782
18.5077
18.3486
18.6113
18.4278
18.2945
18.1547
18.4936
18.2045
18.368
18.1626
17.8245
18.337
18.6167
18.5062
18.1898
17.9282
18.7437
18.5031
18.1843
17.9859
18.4847
18.4892
18.3619
18.2036
18.3794
18.317
18.1264
18.0154
18.0633
18.379
17.9458
18.2463
17.8688
18.4236
18.3405
18.467
18.3018
18.1019
18.3324
18.3912
18.4029
18.5799
18.2765
18.2729
18.0294
18.3413
18.3937
18.5113
18.3536
18.1489
18.2824
18.343
18.5149
18.04
18.3488
17.9808
17.9073
17.9237
18.4329
18.1924
18.3491
18.1085
18.0501
18.139
18.289
17.7995
18.1025
18.4889
18.0286
18.0505
18.6322
18.4111
18.3363
18.5127
18.5477
18.3028
18.392
18.2226
18.5942
18.6401
18.0589
17.8782
17.9578
18.9079
18.3445
18.651
18.2222
18.5494
17.7654
18.2198
18.221
18.2605
18.0312
18.6151
18.1902
18.2109
18.7644
18.2558
18.3417
18.1599
18.3434
18.1429
18.1372
18.217
18.2974
18.5263
18.1182
18.2993
18.1861
18.3292
18.3091
18.8159
17.9383
18.0791
18.2286
17.9705
18.4696
17.7745
18.4561
18.5167
18.5018
18.0681
18.0048
18.5515
17.7828
17.8328
18.4776
18.1175
17.864
17.8885
18.4461
18.3211
18.1826
18.4675
18.1724
18.1607
18.3392
18.0252
18.2194
18.0894
18.2191
18.125
18.266
18.3875
18.2553
18.2182
17.7699
18.3043
18.2326
18.1644
18.3616
17.7641
18.5171
18.2432
18.0689
18.521
18.423
18.1033
18.0304
18.0901
18.1646
18.1574
18.1695
18.3407
18.2164
17.8305
18.2367
18.2002
18.663
18.1434
18.1194
18.0996
18.1391
18.1526
17.9748
18.0756
18.1434
18.0935
18.1525
18.2973
18.0423
17.9219
18.5288
17.9406
18.0856
17.9255
18.44
17.7912
17.5851
18.2397
17.9946
18.4939
18.1384
18.0543
18.0481
17.9673
18.4445
18.0869
18.3418
18.1219
17.9086
18.4055
18.6524
18.2501
18.384
18.169
18.2268
18.2445
18.2266
18.3187
18.5412
18.0588
18.5682
18.3326
18.258
18.5358
18.6107
18.1665
18.3994
18.2637
18.4255
18.2034
18.3609
18.2126
17.9521
18.2373
18.2883
18.2694
18.5173
18.1753
17.9261
18.341
18.6155
18.4132
18.0594
18.1454
18.2576
18.4404
18.2163
18.1922
18.5432
18.4482
18.5912
18.1489
18.3241
18.1187
18.2483
18.5055
18.0947
18.256
18.8503
18.36
18.2112
18.1833
18.2861
18.3615
18.4216
17.9468
18.3173
18.0467
18.0337
18.1918
18.1114
18.3569
18.2901
18.0818
18.2228
18.0355
17.9602
18.3253
18.5388
18.5951
18.1395
17.972
18.1328
18.1497
18.0671
18.1317
17.9239
18.1931
18.0347
17.7726
18.4015
17.8979
18.0577
18.776
18.2009
18.2183
18.3438
18.0898
17.8523
17.7692
18.8259
18.6526
18.4457
18.1715
18.1899
18.6197
18.3843
18.6678
18.0693
18.3199
18.9876
18.2028
18.298
18.19
18.1907
18.5273
18.3859
18.2281
18.0012
18.2745
18.1103
18.5814
18.2157
18.1644
18.3871
17.9093
18.3804
18.3073
18.5404
18.3693
18.1697
18.74
18.2483
18.522
18.2999
18.5989
18.5297
18.2912
18.4198
18.0849
18.2998
17.931
18.478
18.3144
18.3217
18.6754
18.2296
18.3163
18.2613
18.5493
17.9538
18.1468
18.0894
18.1607
18.1153
18.0122
18.4914
18.4737
18.349
18.2885
18.2152
18.573
18.3677
18.2019
18.6745
18.5291
18.0638
18.0618
18.2982
18.1086
18.9655
18.8162
18.5148
18.2462
18.0459
18.7754
18.5112
18.2409
18.0175
18.307
18.4408
18.145
18.4359
18.0283
18.4545
18.3349
18.5445
18.3198
18.2019
18.1113
18.3759
18.1322
18.0022
18.3459
18.1553
18.3121
18.092
18.1687
17.8855
17.9667
17.8102
18.3646
18.3439
18.1467
18.2053
17.9447
18.0683
18.3501
17.7578
18.052
18.2323
18.3623
18.3138
18.2641
17.9663
17.8704
18.4267
18.0776
17.9081
18.2049
18.5958
18.4309
17.7211
17.7472
17.902
18.1707
18.1852
17.9831
18.0945
17.6837
18.1238
18.0954
18.78
18.233
17.8509
18.404
18.2267
18.106
18.3376
18.176
18.5971
18.2583
18.2362
18.3052
17.945
18.5734
18.3184
18.339
18.6348
18.5289
18.0038
18.1962
18.2595
18.4177
18.2139
18.454
17.9873
18.1841
18.6644
18.0294
17.9818
18.1346
18.2095
18.3838
17.9855
17.9962
18.3256
18.2909
18.0372
17.8797
18.5388
18.2626
18.5669
18.2044
18.2251
18.4765
17.9767
18.5148
18.1581
18.5204
18.563
18.2395
18.1951
18.2168
18.5643
18.2353
18.7536
18.2901
18.5599
18.3133
18.1087
18.4381
17.823
18.3445
17.8968
18.3177
18.7896
18.3587
18.4109
18.2877
18.1599
18.1949
18.1401
18.3238
18.4589
18.2152
18.2972
18.161
18.1144
18.0394
18.0772
18.5507
17.8768
17.9266
18.3207
18.1152
18.2998
18.0007
18.5186
18.138
18.2504
18.1791
18.5589
18.0813
18.0428
18.1219
18.2176
18.3861
17.9029
17.9506
18.0391
17.7388
18.094
18.2852
18.3773
18.0021
18.0414
18.2059
18.2133
18.1397
18.2207
18.0106
18.1031
18.639
18.4939
18.5098
18.161
18.0612
18.1233
18.4608
18.3679
18.2436
18.1028
18.0442
18.3821
18.4299
18.4933
18.5741
18.245
17.8148
18.0113
18.1003
18.4152
18.4653
17.9402
18.3317
18.3098
18.0523
18.3793
18.1458
18.2529
18.9688
18.1983
18.4907
18.4208
18.0387
18.6471
18.3937
18.4859
18.3748
18.0485
17.962
18.1401
17.7322
18.167
18.6382
17.85
18.225
17.9487
18.2504
18.2848
18.1697
17.8573
18.3426
18.4722
18.2071
18.5357
18.0365
18.3674
18.3139
18.0899
18.0761
18.329
18.0429
18.35
18.1585
18.2395
18.3946
18.2342
18.2187
17.9594
18.2053
18.0259
18.1904
18.1757
18.2278
17.9365
18.4257
18.1035
18.0019
17.9343
18.3262
18.502
18.5309
17.9881
17.9285
17.9613
18.3018
18.3208
18.1809
18.1836
18.0537
18.2643
18.171
18.0831
18.3061
18.385
17.7489
17.8948
18.3922
18.2962
17.9236
18.4811
18.1392
18.5627
18.3228
18.6576
18.5401
18.6217
18.7011
18.4833
18.2816
18.3787
18.199
18.5955
18.4114
18.1501
18.3118
17.921
18.0398
18.2478
18.6372
18.3363
18.4142
18.6894
18.2343
18.0613
18.6347
18.3666
18.103
17.8881
18.6576
18.5983
18.3315
18.3244
18.439
18.4132
18.0998
18.322
18.3057
18.3334
18.1251
18.4561
18.1423
18.1792
18.2662
18.1921
18.2554
18.1033
18.2398
18.6504
18.6813
18.1423
18.2679
17.8772
18.5743
18.3528
18.4471
18.2915
18.1542
18.2451
18.2709
18.2178
18.3958
18.2705
18.0044
18.4356
18.1457
18.1925
18.4099
17.7982
18.1642
18.3942
18.7833
17.9735
17.9692
18.6662
18.5566
18.164
18.2306
18.2568
18.4381
18.3253
18.2518
18.2778
18.4755
17.9227
18.5428
18.2349
18.8041
18.0877
17.793
18.3179
17.9892
18.203
18.5526
18.1984
17.9861
18.403
18.0926
18.4038
18.6137
17.9374
18.2192
18.6976
18.7704
19.0487
18.4502
19.0071
18.7156
18.5878
18.5311
18.6237
18.3531
18.5183
18.5853
18.6918
18.3666
19.0048
18.6572
18.2649
18.7983
18.3338
18.3222
18.752
18.6618
18.2134
18.611
18.3601
18.7402
18.232
18.4648
18.1664
18.7656
18.7028
18.463
18.357
18.5393
18.7702
18.4601
18.4018
18.5475
18.6391
18.6711
18.5554
18.4699
18.0203
18.2916
18.7249
18.5066
18.4434
18.1793
18.2402
18.5893
18.0231
18.1577
17.9316
18.4268
18.4517
18.2993
18.148
18.2635
18.2274
18.1587
18.109
18.2162
18.2031
18.5306
18.0521
17.8799
18.0391
18.472
18.298
18.3655
18.1096
18.4757
18.4259
18.2214
18.1046
18.2002
18.3542
17.8214
17.926
18.3852
18.1611
18.1762
18.2168
17.956
18.3432
18.4814
18.5369
18.1556
18.253
18.1336
17.9708
18.1679
18.0133
18.2453
18.1336
18.5503
18.5427
18.4598
18.3582
18.2642
18.5762
18.6032
18.6847
18.631
18.4524
18.5383
18.0429
18.5999
18.5728
18.5341
18.4744
18.1972
17.9875
18.6452
18.0481
18.6544
18.2654
18.8639
18.751
18.5024
18.4077
18.7052
18.7745
18.1186
18.2382
18.3782
18.5835
18.5925
18.3644
18.4358
18.4275
18.6663
18.7066
18.3422
18.2849
18.2195
18.542
18.3622
18.7007
18.0373
18.0927
18.511
18.2664
18.4822
18.6224
18.503
18.9213
18.597
18.4613
18.505
18.2423
18.5424
18.2975
18.1725
18.3192
18.6088
18.3775
18.2961
18.3574
17.8935
18.1143
18.2924
18.8081
18.7487
18.2171
18.4797
18.1686
19.0425
17.8221
18.5485
18.5427
18.9114
18.1298
18.3802
18.6116
18.0669
18.1707
18.8985
18.4889
18.2001
18.4107
18.5284
18.9286
18.6547
18.5142
18.5396
18.115
18.0272
18.1368
18.0414
18.6586
18.0582
18.6047
18.3071
18.0647
18.4829
18.5661
17.8729
18.3057
18.668
18.3803
18.0103
18.1846
18.2579
18.4544
17.8471
18.5609
18.2337
18.2383
18.7401
18.0493
18.2057
18.753
17.9889
18.3454
18.625
18.1597
18.4207
18.3768
18.5061
18.5261
18.428
18.3549
17.8656
18.2058
18.3647
18.2346
18.2541
17.8689
17.8868
18.5592
18.3076
18.1336
18.2125
18.4932
18.1593
18.2421
18.5079
18.1068
18.3869
18.5966
18.6206
18.3791
18.095
17.9887
18.5252
17.8202
18.0094
18.1551
18.5176
18.0198
18.4996
18.0256
18.1824
18.613
18.2113
18.4194
18.5928
17.9951
18.7253
18.3508
18.2822
17.8506
18.5587
18.6234
18.4256
18.2225
18.3903
18.317
18.3637
18.4421
18.1544
18.1248
18.4577
18.1156
18.3938
18.2282
18.2522
18.0809
18.4265
18.0202
18.14
18.1901
18.0301
18.6423
17.9582
18.3659
18.3999
18.0592
18.2879
17.6225
17.9872
18.149
18.3127
18.1606
18.1367
18.7323
18.2956
18.7148
17.8748
17.9659
18.3175
18.2719
18.2262
18.1865
18.1715
18.3585
18.2118
17.6909
18.1791
18.3656
18.2633
18.4066
18.2335
18.2797
18.2059
18.3257
18.3673
17.9921
18.1737
18.0727
18.2123
18.1875
18.1706
18.4097
18.524
17.9494
18.1403
18.4418
18.5029
18.2277
18.1497
18.1669
18.3291
18.1341
18.2596
18.2431
18.2145
18.0511
18.6052
18.2506
18.3216
17.8615
18.1643
18.4732
17.9936
18.4625
18.5576
18.251
18.2776
17.9919
17.8848
18.3336
18.2953
18.1219
18.5534
18.1373
18.523
18.1238
18.3227
18.2335
18.1831
18.4754
18.1014
18.1429
18.513
18.221
18.1298
18.4591
18.3815
18.1071
18.0411
18.3111
18.3581
18.6482
18.4319
18.275
18.3054
18.2984
18.2622
17.7425
18.4289
18.3596
18.03
17.716
17.9423
18.4104
18.2968
18.1827
18.0107
17.955
18.2607
18.4027
18.7121
18.207
18.0025
18.3151
18.2734
18.8354
18.0599
18.0373
18.3733
18.4363
18.2782
18.3445
18.5413
18.0796
18.3713
18.4229
18.3321
18.0972
18.6326
18.0404
18.631
18.1245
18.3655
18.6647
18.4782
18.6098
18.2844
18.2565
18.3666
18.572
18.4004
17.9004
18.3292
18.093
18.603
18.1689
18.1059
18.2378
18.6244
18.5756
18.2275
18.6678
18.6617
17.9347
18.1095
18.0979
18.2376
18.0457
18.4455
18.4823
18.5138
18.2573
18.1341
18.2994
18.0177
17.4616
18.1614
18.3285
18.1892
18.1392
18.1216
18.4386
17.8751
18.0278
18.4167
18.1091
18.374
18.1095
18.0504
18.1506
18.2337
18.5013
18.0053
17.9966
18.3744
18.2202
18.5004
18.3577
18.2786
18.0941
18.1454
18.2656
18.3102
18.3861
18.4542
18.4644
17.9359
18.2365
17.9604
18.4538
18.1112
17.8272
18.1211
18.6532
18.0705
18.2568
18.3229
18.3196
18.4587
18.1728
18.1133
18.0454
18.1379
18.4936
18.046
18.1484
17.8617
18.1431
18.6812
18.5184
18.2583
18.2719
18.1528
18.2243
18.5744
18.1002
18.3467
18.1789
17.9632
18.5126
18.6833
18.7998
18.2032
18.4318
18.0398
18.6266
17.9217
18.3673
18.1804
18.3039
18.6554
18.1377
18.34
18.3019
18.1069
18.2069
18.1708
18.6452
18.2714
18.2328
18.1597
17.8306
17.5979
18.3819
18.2583
18.1876
18.1161
18.2167
17.976
18.5255
18.5242
18.044
18.4291
17.7917
18.4291
18.081
18.277
18.3112
17.8663
18.1572
18.4494
18.221
17.9961
17.7996
18.3666
18.7242
18.1799
17.9363
18.2009
17.8647
18.2381
17.9821
17.8885
18.3508
18.1852
18.2854
18.4707
18.439
18.4252
18.3785
18.1786
18.1034
18.2361
18.153
18.068
18.2611
17.8797
17.9499
18.2941
18.1083
17.9421
18.5983
17.4923
17.9292
18.0123
18.101
17.9069
18.064
18.5556
18.2321
17.9655
18.061
17.871
18.4159
18.0729
18.2026
18.1271
18.4104
18.1639
18.0299
18.0108
17.9328
18.0631
18.6109
18.1665
17.7088
18.0481
18.171
18.3072
18.2141
18.0378
18.3349
18.0455
18.2806
18.672
17.7658
18.2275
18.5804
18.0925
17.9445
18.5535
18.3403
18.6573
18.2142
17.9923
18.3231
18.2738
18.2954
18.2231
18.5549
18.292
18.2891
18.4546
18.3627
18.395
18.237
18.2203
18.5901
18.3307
18.1669
18.5972
18.5172
18.3132
18.0999
18.1099
18.4102
18.4907
18.2363
18.2724
18.4304
17.9695
18.2938
18.1495
18.7415
18.6419
18.4775
18.2827
18.0426
18.3853
17.9046
18.2761
18.4084
18.3984
18.0932
17.9725
18.4009
18.3319
18.0558
18.4787
18.2688
17.9912
18.2313
18.1629
18.1303
18.3705
18.004
18.0277
18.6457
18.3198
18.0247
18.2437
18.4522
17.9417
17.8534
18.2569
18.0918
18.2545
18.1092
18.417
18.3415
17.9754
18.039
18.3204
18.3108
18.2902
18.0609
18.0684
18.1571
17.938
18.7685
18.2544
18.0399
18.2997
18.2488
18.3477
18.2114
18.6744
18.3833
17.8651
18.0097
18.6209
18.6101
18.3211
18.2022
18.53
18.8351
18.5507
18.7293
18.8822
18.5602
18.4792
18.5171
18.6644
18.563
18.2168
18.3645
17.8435
18.1278
18.3903
18.8543
18.4758
18.1771
18.1638
18.4656
18.505
18.4798
18.4148
18.5395
18.0412
18.1959
17.9188
17.932
18.1168
18.4168
18.5018
17.8574
18.124
18.2718
18.4869
18.1295
18.4012
17.8589
18.1578
18.0389
17.6599
18.1676
17.8463
18.2043
18.3008
18.0907
18.3621
17.7798
18.1406
18.2089
17.9814
18.0158
18.1917
17.9152
17.716
17.9178
18.2342
17.9737
18.0542
17.8478
18.2097
17.9673
18.0525
18.3248
17.9645
18.1163
18.134
17.8425
17.7928
17.8709
17.7935
18.2006
18.2556
17.8222
17.7143
17.9388
18.1896
18.2263
17.959
18.248
17.9929
18.3535
18.2309
18.195
18.8005
18.8145
18.4069
18.6365
17.9429
19.0196
18.406
18.4711
18.5582
18.3181
18.7494
18.2855
18.5393
18.3097
18.4393
18.5255
18.4625
18.4143
18.2756
17.9913
18.7495
18.3635
18.5449
18.1093
18.4957
18.1971
18.5019
18.373
18.3674
17.9948
17.9519
18.1367
18.413
18.1182
18.1366
18.2686
17.9956
18.2185
18.2488
18.1692
18.5401
18.3154
18.2137
18.334
18.5091
18.256
18.0203
18.6526
17.8048
18.3982
18.0766
17.8689
18.6017
18.0763
17.9347
18.4587
18.3155
18.4592
17.9966
18.2972
17.8872
18.2393
18.354
18.2588
18.0128
18.3088
18.5264
18.3082
18.4034
17.8337
18.5441
18.5898
18.117
18.2753
18.224
18.0258
18.5024
18.2669
18.1945
18.082
18.5409
17.9029
17.9605
18.2798
18.1668
17.9237
18.3706
18.1378
18.1329
18.1615
18.2726
17.6399
17.9645
18.1569
17.8947
18.1166
18.1775
17.9581
18.2229
18.382
18.2315
18.412
18.2848
18.3307
18.189
18.198
18.287
18.3064
18.2548
18.7183
18.3917
18.1918
18.0499
18.7071
18.5056
18.006
18.2234
18.6115
18.2898
18.2634
18.6262
18.1994
17.8091
18.5056
18.1256
18.4344
18.2715
18.4727
18.5105
18.6492
18.5116
18.1064
18.3064
18.2152
18.401
18.4636
18.4146
17.8206
18.0939
18.1485
18.9253
18.5641
18.7883
18.2677
18.1539
18.3371
18.4115
18.0887
18.6024
18.304
19.0845
18.2353
18.2862
17.9489
18.4485
18.227
18.2322
18.3485
18.3035
18.6747
18.8275
18.1977
18.4985
18.2012
18.263
18.2711
18.2984
18.3483
18.5467
18.2359
18.4539
18.0574
17.8627
18.1653
18.4876
18.0134
18.7503
18.406
18.3149
18.0573
18.4695
17.8772
18.2343
18.1501
18.1382
18.5324
18.2206
18.1809
17.8535
18.3257
18.0789
18.4573
18.3549
18.0305
18.2179
18.4025
17.9929
17.9316
18.3504
18.2548
18.5939
18.1374
18.3032
18.2991
18.3369
18.656
18.6153
18.6161
18.7112
18.2687
18.4717
17.942
18.8227
18.7713
18.4697
18.2217
18.5932
17.978
18.64
18.2647
18.0437
18.0078
18.0358
18.5446
18.354
18.2271
18.199
18.4291
17.9692
17.9226
18.0092
18.1785
18.1258
18.4636
18.3065
18.2591
18.2301
18.0717
18.1462
18.2703
18.5421
18.2583
18.0797
17.8952
18.2735
18.6933
18.8129
18.3723
17.8949
18.0838
18.7287
18.1045
18.3823
18.0897
18.0107
18.2433
18.3271
18.3307
18.2015
18.0494
18.5363
18.5829
18.2288
18.5378
18.2478
18.3336
18.361
18.2901
18.6295
18.2097
18.2282
18.2911
18.3274
18.2458
18.0478
18.5186
18.79
18.2584
18.4733
18.6464
18.623
18.5148
18.7978
18.3114
17.7123
17.9672
18.0345
17.9358
18.5052
18.323
17.8349
18.0092
18.2119
18.4195
18.3853
17.7132
18.353
17.9267
17.8432
18.0294
18.3477
18.0852
18.231
17.8815
18.2084
17.8857
17.888
18.4118
18.3008
17.6388
18.3957
18.4072
18.3382
17.9545
18.0106
18.0949
18.4292
18.27
18.4215
18.0698
18.4031
18.2999
18.3144
18.2358
18.2402
18.0069
18.4043
18.0319
17.9496
18.1571
18.6378
18.4176
17.8051
18.4334
18.0555
18.3509
18.6595
18.2737
18.398
18.5082
18.4193
18.3837
18.4881
18.4534
18.461
18.191
18.2052
18.1391
18.1333
18.4442
18.1204
18.186
18.0543
18.3248
17.8307
18.1849
18.3163
18.0193
17.7788
18.0447
18.0913
18.0198
18.1939
17.8997
18.3116
18.3756
18.2776
18.0484
18.1939
18.7411
18.453
18.4598
18.1302
18.27
17.957
